Time[s] TxPosX[m] TxPosY[m] RxPosX[m] RxPosY[m] ChannelState SNR[dB] Pathloss[dB]
0 -4.39518e+06 1.31265e+06 3.7825e+06 585996 0 -152.225 257.297
10 -4.44453e+06 1.26984e+06 3.7825e+06 585996 0 -406.124 249.287
20 -4.49348e+06 1.22696e+06 3.7825e+06 585996 0 -647.611 249.613
30 -4.54202e+06 1.18403e+06 3.7825e+06 585996 0 -902.938 253.733
40 -4.59015e+06 1.14105e+06 3.7825e+06 585996 0 -1163.75 259.265
50 -4.63786e+06 1.09801e+06 3.7825e+06 585996 0 -1414.4 251.756
60 -4.68516e+06 1.05493e+06 3.7825e+06 585996 0 -1673.75 259.43
70 -4.73202e+06 1.01181e+06 3.7825e+06 585996 0 -1931.97 256.803
80 -4.77846e+06 968651 3.7825e+06 585996 0 -2182.09 251.886
90 -4.82445e+06 925458 3.7825e+06 585996 0 -2441.96 259.805
100 -4.87001e+06 882235 3.7825e+06 585996 0 -2696.19 251.255
110 -4.91512e+06 838987 3.7825e+06 585996 0 -2952.82 257.08
120 -4.95979e+06 795716 3.7825e+06 585996 0 -inf 250.556
130 -5.00399e+06 752427 3.7825e+06 585996 0 -inf 254.119
140 -5.04774e+06 709123 3.7825e+06 585996 0 -inf 257.108
150 -5.09102e+06 665809 3.7825e+06 585996 0 -inf 258.985
160 -5.13384e+06 622488 3.7825e+06 585996 0 -inf 251.614
170 -5.17618e+06 579164 3.7825e+06 585996 0 -inf 251.746
180 -5.21804e+06 535841 3.7825e+06 585996 0 -inf 256.81
190 -5.25942e+06 492523 3.7825e+06 585996 0 -inf 260.779
200 -5.30032e+06 449213 3.7825e+06 585996 0 -inf 253.585
210 -5.34072e+06 405916 3.7825e+06 585996 0 -inf 260.584
220 -5.38063e+06 362634 3.7825e+06 585996 0 -inf 257.969
230 -5.42005e+06 319373 3.7825e+06 585996 0 -inf 252.155
240 -5.45895e+06 276136 3.7825e+06 585996 0 -inf 248.025
250 -5.49735e+06 232925 3.7825e+06 585996 0 -inf 256.59
260 -5.53524e+06 189747 3.7825e+06 585996 0 -inf 249.611
270 -5.57261e+06 146603 3.7825e+06 585996 0 -inf 256.711
280 -5.60947e+06 103498 3.7825e+06 585996 0 -inf 259.352
290 -5.6458e+06 60435.6 3.7825e+06 585996 0 -inf 258.451
300 -5.6816e+06 17419.5 3.7825e+06 585996 0 -inf 255.044
310 -5.71687e+06 -25546.6 3.7825e+06 585996 0 -inf 258.053
320 -5.7516e+06 -68458.9 3.7825e+06 585996 0 -inf 251.32
330 -5.7858e+06 -111314 3.7825e+06 585996 0 -inf 256.795
340 -5.81945e+06 -154108 3.7825e+06 585996 0 -inf 248.144
350 -5.85256e+06 -196837 3.7825e+06 585996 0 -inf 247.298
360 -5.88512e+06 -239497 3.7825e+06 585996 0 -inf 252.271
370 -5.91712e+06 -282086 3.7825e+06 585996 0 -inf 255.963
380 -5.94857e+06 -324598 3.7825e+06 585996 0 -inf 262.656
390 -5.97946e+06 -367032 3.7825e+06 585996 0 -inf 259.564
400 -6.00978e+06 -409382 3.7825e+06 585996 0 -inf 255.652
410 -6.03954e+06 -451646 3.7825e+06 585996 0 -inf 260.025
420 -6.06873e+06 -493819 3.7825e+06 585996 0 -inf 261.15
430 -6.09734e+06 -535898 3.7825e+06 585996 0 -inf 257.289
440 -6.12538e+06 -577881 3.7825e+06 585996 0 -inf 260.495
450 -6.15283e+06 -619762 3.7825e+06 585996 0 -inf 257.687
460 -6.17971e+06 -661539 3.7825e+06 585996 0 -inf 254.446
470 -6.20599e+06 -703207 3.7825e+06 585996 0 -inf 259.421
480 -6.23169e+06 -744765 3.7825e+06 585996 0 -inf 256.552
490 -6.2568e+06 -786207 3.7825e+06 585996 0 -inf 249.495
500 -6.28131e+06 -827531 3.7825e+06 585996 0 -inf 250.738
510 -6.30523e+06 -868732 3.7825e+06 585996 0 -inf 253.704
520 -6.32854e+06 -909809 3.7825e+06 585996 0 -inf 251.652
530 -6.35126e+06 -950757 3.7825e+06 585996 0 -inf 254.55
540 -6.37336e+06 -991572 3.7825e+06 585996 0 -inf 258.324
550 -6.39486e+06 -1.03225e+06 3.7825e+06 585996 0 -inf 257.699
560 -6.41575e+06 -1.07279e+06 3.7825e+06 585996 0 -inf 258.983
570 -6.43603e+06 -1.11319e+06 3.7825e+06 585996 0 -inf 254.488
580 -6.45569e+06 -1.15344e+06 3.7825e+06 585996 0 -inf 251.552
590 -6.47473e+06 -1.19355e+06 3.7825e+06 585996 0 -inf 252.963
600 -6.49316e+06 -1.2335e+06 3.7825e+06 585996 0 -inf 253.524
610 -6.51096e+06 -1.27329e+06 3.7825e+06 585996 0 -inf 254.271
620 -6.52814e+06 -1.31293e+06 3.7825e+06 585996 0 -inf 250.992
630 -6.54469e+06 -1.35241e+06 3.7825e+06 585996 0 -inf 257.23
640 -6.56061e+06 -1.39172e+06 3.7825e+06 585996 0 -inf 254.276
650 -6.57591e+06 -1.43086e+06 3.7825e+06 585996 0 -inf 252.435
660 -6.59057e+06 -1.46983e+06 3.7825e+06 585996 0 -inf 251.675
670 -6.60459e+06 -1.50862e+06 3.7825e+06 585996 0 -inf 254.009
680 -6.61799e+06 -1.54724e+06 3.7825e+06 585996 0 -inf 254.457
690 -6.63074e+06 -1.58567e+06 3.7825e+06 585996 0 -inf 254.019
700 -6.64286e+06 -1.62392e+06 3.7825e+06 585996 0 -inf 252.749
710 -6.65433e+06 -1.66199e+06 3.7825e+06 585996 0 -inf 260.961
720 -6.66517e+06 -1.69986e+06 3.7825e+06 585996 0 -inf 249.273
730 -6.67536e+06 -1.73754e+06 3.7825e+06 585996 0 -inf 253.253
740 -6.6849e+06 -1.77502e+06 3.7825e+06 585996 0 -inf 251.055
750 -6.6938e+06 -1.8123e+06 3.7825e+06 585996 0 -inf 255.687
760 -6.70205e+06 -1.84938e+06 3.7825e+06 585996 0 -inf 254.037
770 -6.70966e+06 -1.88626e+06 3.7825e+06 585996 0 -inf 245.247
780 -6.71661e+06 -1.92293e+06 3.7825e+06 585996 0 -inf 246.899
790 -6.72291e+06 -1.95938e+06 3.7825e+06 585996 0 -inf 258.531
800 -6.72856e+06 -1.99562e+06 3.7825e+06 585996 0 -inf 258.17
810 -6.73356e+06 -2.03165e+06 3.7825e+06 585996 0 -inf 253.612
820 -6.7379e+06 -2.06745e+06 3.7825e+06 585996 0 -inf 254.071
830 -6.74159e+06 -2.10304e+06 3.7825e+06 585996 0 -inf 248.92
840 -6.74463e+06 -2.13839e+06 3.7825e+06 585996 0 -inf 253.366
850 -6.74701e+06 -2.17352e+06 3.7825e+06 585996 0 -inf 252.963
860 -6.74873e+06 -2.20842e+06 3.7825e+06 585996 0 -inf 257.956
870 -6.74979e+06 -2.24308e+06 3.7825e+06 585996 0 -inf 249.317
880 -6.7502e+06 -2.27751e+06 3.7825e+06 585996 0 -inf 259.62
890 -6.74995e+06 -2.3117e+06 3.7825e+06 585996 0 -inf 254.341
900 -6.74904e+06 -2.34565e+06 3.7825e+06 585996 0 -inf 248.28
910 -6.74748e+06 -2.37935e+06 3.7825e+06 585996 0 -inf 258.668
920 -6.74525e+06 -2.41281e+06 3.7825e+06 585996 0 -inf 252.032
930 -6.74236e+06 -2.44601e+06 3.7825e+06 585996 0 -inf 261.892
940 -6.73882e+06 -2.47897e+06 3.7825e+06 585996 0 -inf 256.858
950 -6.73462e+06 -2.51167e+06 3.7825e+06 585996 0 -inf 257.339
960 -6.72975e+06 -2.54411e+06 3.7825e+06 585996 0 -inf 256.675
970 -6.72423e+06 -2.5763e+06 3.7825e+06 585996 0 -inf 256.216
980 -6.71805e+06 -2.60822e+06 3.7825e+06 585996 0 -inf 253.06
990 -6.71121e+06 -2.63988e+06 3.7825e+06 585996 0 -inf 251.544
1000 -6.70372e+06 -2.67127e+06 3.7825e+06 585996 0 -inf 254.542
1010 -6.69556e+06 -2.70239e+06 3.7825e+06 585996 0 -inf 255.735
1020 -6.68675e+06 -2.73324e+06 3.7825e+06 585996 0 -inf 248.697
1030 -6.67728e+06 -2.76382e+06 3.7825e+06 585996 0 -inf 247.045
1040 -6.66716e+06 -2.79412e+06 3.7825e+06 585996 0 -inf 257.87
1050 -6.65637e+06 -2.82415e+06 3.7825e+06 585996 0 -inf 253.569
1060 -6.64494e+06 -2.85389e+06 3.7825e+06 585996 0 -inf 249.718
1070 -6.63285e+06 -2.88335e+06 3.7825e+06 585996 0 -inf 258.316
1080 -6.6201e+06 -2.91253e+06 3.7825e+06 585996 0 -inf 183.385
1090 -6.60671e+06 -2.94142e+06 3.7825e+06 585996 0 -inf 183.367
1100 -6.59266e+06 -2.97002e+06 3.7825e+06 585996 0 -inf 183.348
1110 -6.57796e+06 -2.99833e+06 3.7825e+06 585996 0 -inf 183.33
1120 -6.56261e+06 -3.02635e+06 3.7825e+06 585996 0 -inf 183.311
1130 -6.54662e+06 -3.05407e+06 3.7825e+06 585996 0 -inf 183.292
1140 -6.52998e+06 -3.0815e+06 3.7825e+06 585996 0 -inf 183.273
1150 -6.51269e+06 -3.10863e+06 3.7825e+06 585996 0 -inf 183.254
1160 -6.49475e+06 -3.13545e+06 3.7825e+06 585996 0 -inf 183.234
1170 -6.47618e+06 -3.16198e+06 3.7825e+06 585996 0 -inf 183.215
1180 -6.45696e+06 -3.1882e+06 3.7825e+06 585996 0 -inf 183.195
1190 -6.4371e+06 -3.21411e+06 3.7825e+06 585996 0 -inf 183.174
1200 -6.41661e+06 -3.23972e+06 3.7825e+06 585996 0 -inf 183.154
1210 -6.39548e+06 -3.26502e+06 3.7825e+06 585996 0 -inf 183.133
1220 -6.37371e+06 -3.29e+06 3.7825e+06 585996 0 -inf 183.112
1230 -6.35131e+06 -3.31467e+06 3.7825e+06 585996 0 -inf 183.091
1240 -6.32828e+06 -3.33903e+06 3.7825e+06 585996 0 -inf 183.07
1250 -6.30462e+06 -3.36307e+06 3.7825e+06 585996 0 -inf 183.048
1260 -6.28033e+06 -3.38679e+06 3.7825e+06 585996 0 -inf 183.026
1270 -6.25542e+06 -3.41019e+06 3.7825e+06 585996 0 -inf 183.004
1280 -6.22988e+06 -3.43327e+06 3.7825e+06 585996 0 -inf 182.982
1290 -6.20373e+06 -3.45603e+06 3.7825e+06 585996 0 -inf 182.959
1300 -6.17695e+06 -3.47847e+06 3.7825e+06 585996 0 -inf 182.936
1310 -6.14956e+06 -3.50057e+06 3.7825e+06 585996 0 -inf 182.913
1320 -6.12156e+06 -3.52235e+06 3.7825e+06 585996 0 -inf 182.89
1330 -6.09294e+06 -3.54381e+06 3.7825e+06 585996 0 -inf 182.866
1340 -6.06372e+06 -3.56493e+06 3.7825e+06 585996 0 -inf 182.842
1350 -6.03389e+06 -3.58572e+06 3.7825e+06 585996 0 -inf 182.818
1360 -6.00346e+06 -3.60618e+06 3.7825e+06 585996 0 -inf 182.794
1370 -5.97242e+06 -3.6263e+06 3.7825e+06 585996 0 -inf 182.769
1380 -5.94079e+06 -3.64609e+06 3.7825e+06 585996 0 -inf 182.745
1390 -5.90856e+06 -3.66555e+06 3.7825e+06 585996 0 -inf 182.72
1400 -5.87574e+06 -3.68466e+06 3.7825e+06 585996 0 -inf 182.694
1410 -5.84233e+06 -3.70344e+06 3.7825e+06 585996 0 -inf 182.669
1420 -5.80834e+06 -3.72188e+06 3.7825e+06 585996 0 -inf 182.643
1430 -5.77376e+06 -3.73997e+06 3.7825e+06 585996 0 -inf 182.617
1440 -5.7386e+06 -3.75773e+06 3.7825e+06 585996 0 -inf 182.59
1450 -5.70286e+06 -3.77514e+06 3.7825e+06 585996 0 -inf 182.564
1460 -5.66655e+06 -3.79221e+06 3.7825e+06 585996 0 -inf 182.537
1470 -5.62967e+06 -3.80893e+06 3.7825e+06 585996 0 -inf 182.509
1480 -5.59222e+06 -3.82531e+06 3.7825e+06 585996 0 -inf 182.482
1490 -5.55421e+06 -3.84134e+06 3.7825e+06 585996 0 -inf 182.454
1500 -5.51564e+06 -3.85702e+06 3.7825e+06 585996 0 -inf 182.426
1510 -5.47651e+06 -3.87236e+06 3.7825e+06 585996 0 -inf 182.398
1520 -5.43683e+06 -3.88734e+06 3.7825e+06 585996 0 -inf 182.369
1530 -5.3966e+06 -3.90198e+06 3.7825e+06 585996 0 -inf 182.341
1540 -5.35583e+06 -3.91626e+06 3.7825e+06 585996 0 -inf 182.311
1550 -5.31451e+06 -3.9302e+06 3.7825e+06 585996 0 -inf 182.282
1560 -5.27265e+06 -3.94378e+06 3.7825e+06 585996 0 -inf 182.252
1570 -5.23026e+06 -3.95701e+06 3.7825e+06 585996 0 -inf 182.222
1580 -5.18735e+06 -3.96989e+06 3.7825e+06 585996 0 -inf 182.192
1590 -5.1439e+06 -3.98241e+06 3.7825e+06 585996 0 -inf 182.162
1600 -5.09993e+06 -3.99457e+06 3.7825e+06 585996 0 -inf 182.131
1610 -5.05545e+06 -4.00639e+06 3.7825e+06 585996 0 -inf 182.1
1620 -5.01045e+06 -4.01784e+06 3.7825e+06 585996 0 -inf 182.068
1630 -4.96494e+06 -4.02895e+06 3.7825e+06 585996 0 -inf 182.036
1640 -4.91892e+06 -4.03969e+06 3.7825e+06 585996 0 -inf 182.004
1650 -4.87241e+06 -4.05008e+06 3.7825e+06 585996 0 -inf 181.972
1660 -4.82539e+06 -4.06011e+06 3.7825e+06 585996 0 -inf 181.939
1670 -4.77789e+06 -4.06978e+06 3.7825e+06 585996 0 -inf 181.906
1680 -4.7299e+06 -4.0791e+06 3.7825e+06 585996 0 -inf 181.873
1690 -4.68142e+06 -4.08806e+06 3.7825e+06 585996 0 -inf 181.84
1700 -4.63247e+06 -4.09666e+06 3.7825e+06 585996 0 -inf 181.806
1710 -4.58304e+06 -4.1049e+06 3.7825e+06 585996 0 -inf 181.771
1720 -4.53314e+06 -4.11278e+06 3.7825e+06 585996 0 -inf 181.737
1730 -4.48278e+06 -4.12031e+06 3.7825e+06 585996 0 -inf 181.702
1740 -4.43196e+06 -4.12748e+06 3.7825e+06 585996 0 -inf 181.667
1750 -4.38068e+06 -4.13428e+06 3.7825e+06 585996 0 -inf 181.631
1760 -4.32895e+06 -4.14073e+06 3.7825e+06 585996 0 -inf 181.595
1770 -4.27678e+06 -4.14682e+06 3.7825e+06 585996 0 -inf 181.559
1780 -4.22417e+06 -4.15255e+06 3.7825e+06 585996 0 -inf 181.523
1790 -4.17112e+06 -4.15792e+06 3.7825e+06 585996 0 -inf 181.486
1800 -4.11764e+06 -4.16293e+06 3.7825e+06 585996 0 -inf 181.449
1810 -4.06373e+06 -4.16759e+06 3.7825e+06 585996 0 -inf 181.411
1820 -4.00941e+06 -4.17188e+06 3.7825e+06 585996 0 -inf 181.373
1830 -3.95467e+06 -4.17582e+06 3.7825e+06 585996 0 -inf 181.335
1840 -3.89952e+06 -4.1794e+06 3.7825e+06 585996 0 -inf 181.296
1850 -3.84397e+06 -4.18262e+06 3.7825e+06 585996 0 -inf 181.257
1860 -3.78802e+06 -4.18549e+06 3.7825e+06 585996 0 -inf 181.218
1870 -3.73167e+06 -4.18799e+06 3.7825e+06 585996 0 -inf 181.178
1880 -3.67494e+06 -4.19014e+06 3.7825e+06 585996 0 -inf 181.138
1890 -3.61782e+06 -4.19193e+06 3.7825e+06 585996 0 -inf 181.098
1900 -3.56033e+06 -4.19337e+06 3.7825e+06 585996 0 -inf 181.057
1910 -3.50246e+06 -4.19445e+06 3.7825e+06 585996 0 -inf 181.016
1920 -3.44423e+06 -4.19517e+06 3.7825e+06 585996 0 -inf 180.974
1930 -3.38564e+06 -4.19554e+06 3.7825e+06 585996 0 -inf 180.932
1940 -3.32669e+06 -4.19556e+06 3.7825e+06 585996 0 -inf 180.89
1950 -3.26739e+06 -4.19522e+06 3.7825e+06 585996 0 -inf 180.847
1960 -3.20775e+06 -4.19453e+06 3.7825e+06 585996 0 -inf 180.804
1970 -3.14778e+06 -4.19348e+06 3.7825e+06 585996 0 -inf 180.76
1980 -3.08746e+06 -4.19208e+06 3.7825e+06 585996 0 -inf 180.717
1990 -3.02683e+06 -4.19033e+06 3.7825e+06 585996 0 -inf 180.672
2000 -2.96587e+06 -4.18823e+06 3.7825e+06 585996 0 -inf 180.627
2010 -2.9046e+06 -4.18578e+06 3.7825e+06 585996 0 -inf 180.582
2020 -2.84302e+06 -4.18298e+06 3.7825e+06 585996 0 -inf 180.537
2030 -2.78114e+06 -4.17983e+06 3.7825e+06 585996 0 -inf 180.491
2040 -2.71896e+06 -4.17633e+06 3.7825e+06 585996 0 -inf 180.444
2050 -2.65649e+06 -4.17249e+06 3.7825e+06 585996 0 -inf 180.397
2060 -2.59373e+06 -4.1683e+06 3.7825e+06 585996 0 -inf 180.35
2070 -2.5307e+06 -4.16376e+06 3.7825e+06 585996 0 -inf 180.302
2080 -2.46739e+06 -4.15888e+06 3.7825e+06 585996 0 -inf 180.254
2090 -2.40382e+06 -4.15365e+06 3.7825e+06 585996 0 -inf 180.206
2100 -2.33999e+06 -4.14809e+06 3.7825e+06 585996 0 -inf 180.157
2110 -2.2759e+06 -4.14218e+06 3.7825e+06 585996 0 -inf 180.107
2120 -2.21157e+06 -4.13592e+06 3.7825e+06 585996 0 -inf 180.057
2130 -2.147e+06 -4.12933e+06 3.7825e+06 585996 0 -inf 180.007
2140 -2.08219e+06 -4.1224e+06 3.7825e+06 585996 0 -inf 179.956
2150 -2.01715e+06 -4.11514e+06 3.7825e+06 585996 0 -inf 179.904
2160 -1.95189e+06 -4.10753e+06 3.7825e+06 585996 0 -inf 179.852
2170 -1.88641e+06 -4.09959e+06 3.7825e+06 585996 0 -inf 179.8
2180 -1.82073e+06 -4.09132e+06 3.7825e+06 585996 0 -inf 179.747
2190 -1.75484e+06 -4.08271e+06 3.7825e+06 585996 0 -inf 179.694
2200 -1.68875e+06 -4.07377e+06 3.7825e+06 585996 0 -inf 179.64
2210 -1.62247e+06 -4.0645e+06 3.7825e+06 585996 0 -inf 179.586
2220 -1.55601e+06 -4.05491e+06 3.7825e+06 585996 0 -inf 179.531
2230 -1.48937e+06 -4.04498e+06 3.7825e+06 585996 0 -inf 179.475
2240 -1.42256e+06 -4.03472e+06 3.7825e+06 585996 0 -inf 179.42
2250 -1.35559e+06 -4.02414e+06 3.7825e+06 585996 0 -inf 179.363
2260 -1.28846e+06 -4.01324e+06 3.7825e+06 585996 0 -inf 179.306
2270 -1.22117e+06 -4.00201e+06 3.7825e+06 585996 0 -inf 179.249
2280 -1.15375e+06 -3.99046e+06 3.7825e+06 585996 0 -inf 179.191
2290 -1.08618e+06 -3.9786e+06 3.7825e+06 585996 0 -inf 179.132
2300 -1.01848e+06 -3.96641e+06 3.7825e+06 585996 0 -inf 179.073
2310 -950663 -3.95391e+06 3.7825e+06 585996 0 -inf 179.013
2320 -882723 -3.94109e+06 3.7825e+06 585996 0 -inf 178.953
2330 -814672 -3.92795e+06 3.7825e+06 585996 0 -inf 178.892
2340 -746515 -3.91451e+06 3.7825e+06 585996 0 -inf 178.831
2350 -678261 -3.90075e+06 3.7825e+06 585996 0 -inf 178.769
2360 -609915 -3.88668e+06 3.7825e+06 585996 0 -inf 178.706
2370 -541485 -3.87231e+06 3.7825e+06 585996 0 -inf 178.643
2380 -472976 -3.85763e+06 3.7825e+06 585996 0 -inf 178.579
2390 -404397 -3.84264e+06 3.7825e+06 585996 0 -inf 178.515
2400 -335753 -3.82735e+06 3.7825e+06 585996 0 -inf 178.45
2410 -267051 -3.81176e+06 3.7825e+06 585996 0 -inf 178.385
2420 -198298 -3.79587e+06 3.7825e+06 585996 0 -inf 178.318
2430 -129501 -3.77969e+06 3.7825e+06 585996 0 -inf 178.252
2440 -60666.6 -3.7632e+06 3.7825e+06 585996 0 -inf 178.184
2450 8198.41 -3.74643e+06 3.7825e+06 585996 0 -inf 178.116
2460 77087.2 -3.72936e+06 3.7825e+06 585996 0 -inf 178.048
2470 145993 -3.712e+06 3.7825e+06 585996 0 -inf 177.978
2480 214909 -3.69435e+06 3.7825e+06 585996 0 -inf 177.908
2490 283829 -3.67642e+06 3.7825e+06 585996 0 -inf 177.838
2500 352745 -3.6582e+06 3.7825e+06 585996 0 -inf 177.766
2510 421651 -3.63969e+06 3.7825e+06 585996 0 -inf 177.694
2520 490539 -3.62091e+06 3.7825e+06 585996 0 -inf 177.622
2530 559404 -3.60185e+06 3.7825e+06 585996 0 -inf 177.548
2540 628239 -3.58251e+06 3.7825e+06 585996 0 -inf 177.475
2550 697036 -3.56289e+06 3.7825e+06 585996 0 -inf 177.4
2560 765788 -3.543e+06 3.7825e+06 585996 0 -inf 177.325
2570 834490 -3.52284e+06 3.7825e+06 585996 0 -inf 177.249
2580 903134 -3.50241e+06 3.7825e+06 585996 0 -inf 177.172
2590 971713 -3.48171e+06 3.7825e+06 585996 0 -inf 177.095
2600 1.04022e+06 -3.46075e+06 3.7825e+06 585996 0 -inf 177.017
2610 1.10865e+06 -3.43953e+06 3.7825e+06 585996 0 -inf 176.938
2620 1.17699e+06 -3.41804e+06 3.7825e+06 585996 0 -inf 176.859
2630 1.24525e+06 -3.3963e+06 3.7825e+06 585996 0 -inf 176.778
2640 1.3134e+06 -3.3743e+06 3.7825e+06 585996 0 -inf 176.698
2650 1.38145e+06 -3.35204e+06 3.7825e+06 585996 0 -inf 176.616
2660 1.44938e+06 -3.32953e+06 3.7825e+06 585996 0 -inf 176.534
2670 1.5172e+06 -3.30678e+06 3.7825e+06 585996 0 -inf 176.451
2680 1.58489e+06 -3.28377e+06 3.7825e+06 585996 0 -inf 176.368
2690 1.65245e+06 -3.26052e+06 3.7825e+06 585996 0 -inf 176.284
2700 1.71987e+06 -3.23703e+06 3.7825e+06 585996 0 -inf 176.199
2710 1.78714e+06 -3.21329e+06 3.7825e+06 585996 0 -inf 176.114
2720 1.85427e+06 -3.18932e+06 3.7825e+06 585996 0 -inf 176.028
2730 1.92123e+06 -3.1651e+06 3.7825e+06 585996 0 -inf 175.941
2740 1.98802e+06 -3.14066e+06 3.7825e+06 585996 0 -inf 175.854
2750 2.05465e+06 -3.11598e+06 3.7825e+06 585996 0 -inf 175.766
2760 2.12109e+06 -3.09107e+06 3.7825e+06 585996 0 -inf 175.678
2770 2.18735e+06 -3.06594e+06 3.7825e+06 585996 0 -inf 175.589
2780 2.25341e+06 -3.04058e+06 3.7825e+06 585996 0 -inf 175.499
2790 2.31928e+06 -3.015e+06 3.7825e+06 585996 0 -inf 175.409
2800 2.38494e+06 -2.9892e+06 3.7825e+06 585996 0 -inf 175.319
2810 2.45039e+06 -2.96318e+06 3.7825e+06 585996 0 -inf 175.228
2820 2.51562e+06 -2.93694e+06 3.7825e+06 585996 0 -inf 175.137
2830 2.58062e+06 -2.91049e+06 3.7825e+06 585996 0 -inf 175.045
2840 2.6454e+06 -2.88383e+06 3.7825e+06 585996 0 -inf 174.953
2850 2.70993e+06 -2.85696e+06 3.7825e+06 585996 0 -inf 174.861
2860 2.77422e+06 -2.82989e+06 3.7825e+06 585996 0 -inf 174.769
2870 2.83826e+06 -2.80262e+06 3.7825e+06 585996 0 -inf 174.676
2880 2.90204e+06 -2.77514e+06 3.7825e+06 585996 0 -inf 174.583
2890 2.96556e+06 -2.74746e+06 3.7825e+06 585996 0 -inf 174.49
2900 3.0288e+06 -2.71959e+06 3.7825e+06 585996 0 -inf 174.397
2910 3.09177e+06 -2.69153e+06 3.7825e+06 585996 0 -inf 174.305
2920 3.15446e+06 -2.66328e+06 3.7825e+06 585996 0 -inf 174.212
2930 3.21685e+06 -2.63483e+06 3.7825e+06 585996 0 -inf 174.12
2940 3.27895e+06 -2.60621e+06 3.7825e+06 585996 0 -inf 174.028
2950 3.34075e+06 -2.57739e+06 3.7825e+06 585996 0 -inf 173.936
2960 3.40224e+06 -2.5484e+06 3.7825e+06 585996 0 -inf 173.845
2970 3.46342e+06 -2.51923e+06 3.7825e+06 585996 0 -inf 173.755
2980 3.52427e+06 -2.48989e+06 3.7825e+06 585996 0 -inf 173.665
2990 3.5848e+06 -2.46037e+06 3.7825e+06 585996 0 -inf 173.577
3000 3.645e+06 -2.43069e+06 3.7825e+06 585996 0 -inf 173.489
3010 3.70486e+06 -2.40083e+06 3.7825e+06 585996 0 -inf 173.402
3020 3.76437e+06 -2.37081e+06 3.7825e+06 585996 0 -inf 173.317
3030 3.82353e+06 -2.34063e+06 3.7825e+06 585996 0 -inf 173.234
3040 3.88233e+06 -2.31029e+06 3.7825e+06 585996 0 -inf 173.151
3050 3.94078e+06 -2.27979e+06 3.7825e+06 585996 0 -inf 173.071
3060 3.99885e+06 -2.24914e+06 3.7825e+06 585996 0 -inf 172.993
3070 4.05655e+06 -2.21834e+06 3.7825e+06 585996 0 -inf 172.916
3080 4.11386e+06 -2.18739e+06 3.7825e+06 585996 0 -inf 172.842
3090 4.1708e+06 -2.15629e+06 3.7825e+06 585996 0 -inf 172.771
3100 4.22734e+06 -2.12505e+06 3.7825e+06 585996 0 -inf 172.702
3110 4.28348e+06 -2.09366e+06 3.7825e+06 585996 0 -inf 172.636
3120 4.33922e+06 -2.06214e+06 3.7825e+06 585996 0 -inf 172.574
3130 4.39454e+06 -2.03049e+06 3.7825e+06 585996 0 -inf 172.514
3140 4.44946e+06 -1.9987e+06 3.7825e+06 585996 0 -inf 172.458
3150 4.50395e+06 -1.96678e+06 3.7825e+06 585996 0 -inf 172.405
3160 4.55802e+06 -1.93474e+06 3.7825e+06 585996 0 -inf 172.357
3170 4.61166e+06 -1.90257e+06 3.7825e+06 585996 0 -inf 172.312
3180 4.66486e+06 -1.87027e+06 3.7825e+06 585996 0 -inf 172.271
3190 4.71761e+06 -1.83786e+06 3.7825e+06 585996 0 -inf 172.235
3200 4.76992e+06 -1.80534e+06 3.7825e+06 585996 0 -inf 172.203
3210 4.82178e+06 -1.7727e+06 3.7825e+06 585996 0 -inf 172.175
3220 4.87318e+06 -1.73995e+06 3.7825e+06 585996 0 -inf 172.153
3230 4.92412e+06 -1.70709e+06 3.7825e+06 585996 0 -inf 172.135
3240 4.97458e+06 -1.67412e+06 3.7825e+06 585996 0 -inf 172.121
3250 5.02457e+06 -1.64106e+06 3.7825e+06 585996 0 -inf 172.113
3260 5.07409e+06 -1.60789e+06 3.7825e+06 585996 0 -inf 172.109
3270 5.12312e+06 -1.57463e+06 3.7825e+06 585996 0 -inf 172.111
3280 5.17166e+06 -1.54127e+06 3.7825e+06 585996 0 -inf 172.117
3290 5.21971e+06 -1.50782e+06 3.7825e+06 585996 0 -inf 172.128
3300 5.26725e+06 -1.47428e+06 3.7825e+06 585996 0 -inf 172.144
3310 5.3143e+06 -1.44066e+06 3.7825e+06 585996 0 -inf 172.165
3320 5.36083e+06 -1.40696e+06 3.7825e+06 585996 0 -inf 172.19
3330 5.40685e+06 -1.37317e+06 3.7825e+06 585996 0 -inf 172.22
3340 5.45236e+06 -1.33931e+06 3.7825e+06 585996 0 -inf 172.254
3350 5.49734e+06 -1.30537e+06 3.7825e+06 585996 0 -inf 172.293
3360 5.54179e+06 -1.27136e+06 3.7825e+06 585996 0 -inf 172.336
3370 5.58571e+06 -1.23728e+06 3.7825e+06 585996 0 -inf 172.383
3380 5.6291e+06 -1.20314e+06 3.7825e+06 585996 0 -inf 172.434
3390 5.67194e+06 -1.16893e+06 3.7825e+06 585996 0 -inf 172.488
3400 5.71424e+06 -1.13466e+06 3.7825e+06 585996 0 -inf 172.546
3410 5.75599e+06 -1.10033e+06 3.7825e+06 585996 0 -inf 172.607
3420 5.79719e+06 -1.06595e+06 3.7825e+06 585996 0 -inf 172.672
3430 5.83782e+06 -1.03152e+06 3.7825e+06 585996 0 -inf 172.739
3440 5.8779e+06 -997035 3.7825e+06 585996 0 -inf 172.809
3450 5.9174e+06 -962505 3.7825e+06 585996 0 -inf 172.882
3460 5.95634e+06 -927931 3.7825e+06 585996 0 -inf 172.957
3470 5.9947e+06 -893317 3.7825e+06 585996 0 -inf 173.034
3480 6.03248e+06 -858664 3.7825e+06 585996 0 -inf 173.113
3490 6.06968e+06 -823975 3.7825e+06 585996 0 -inf 173.194
3500 6.1063e+06 -789254 3.7825e+06 585996 0 -inf 173.276
3510 6.14232e+06 -754503 3.7825e+06 585996 0 -inf 173.361
3520 6.17775e+06 -719725 3.7825e+06 585996 0 -inf 173.446
3530 6.21258e+06 -684923 3.7825e+06 585996 0 -inf 173.533
3540 6.24681e+06 -650099 3.7825e+06 585996 0 -inf 173.621
3550 6.28043e+06 -615256 3.7825e+06 585996 0 -inf 173.71
3560 6.31345e+06 -580397 3.7825e+06 585996 0 -inf 173.799
3570 6.34585e+06 -545525 3.7825e+06 585996 0 -inf 173.889
3580 6.37764e+06 -510642 3.7825e+06 585996 0 -inf 173.98
3590 6.40881e+06 -475752 3.7825e+06 585996 0 -inf 174.071
3600 6.43936e+06 -440857 3.7825e+06 585996 0 -inf 174.163
3610 6.46928e+06 -405960 3.7825e+06 585996 0 -inf 174.255
3620 6.49858e+06 -371063 3.7825e+06 585996 0 -inf 174.347
3630 6.52724e+06 -336169 3.7825e+06 585996 0 -inf 174.439
3640 6.55527e+06 -301282 3.7825e+06 585996 0 -inf 174.532
3650 6.58266e+06 -266403 3.7825e+06 585996 0 -inf 174.624
3660 6.60941e+06 -231536 3.7825e+06 585996 0 -inf 174.716
3670 6.63552e+06 -196683 3.7825e+06 585996 0 -inf 174.808
3680 6.66098e+06 -161847 3.7825e+06 585996 0 -inf 174.9
3690 6.68579e+06 -127031 3.7825e+06 585996 0 -inf 174.991
3700 6.70995e+06 -92237.1 3.7825e+06 585996 0 -inf 175.082
3710 6.73346e+06 -57468.3 3.7825e+06 585996 0 -inf 175.173
3720 6.75631e+06 -22727.2 3.7825e+06 585996 0 -inf 175.263
3730 6.7785e+06 11983.4 3.7825e+06 585996 0 -inf 175.353
3740 6.80003e+06 46660.9 3.7825e+06 585996 0 -inf 175.443
3750 6.8209e+06 81302.6 3.7825e+06 585996 0 -inf 175.532
3760 6.8411e+06 115906 3.7825e+06 585996 0 -inf 175.62
3770 6.86064e+06 150468 3.7825e+06 585996 0 -inf 175.708
3780 6.8795e+06 184986 3.7825e+06 585996 0 -inf 175.796
3790 6.89769e+06 219458 3.7825e+06 585996 0 -inf 175.883
3800 6.91521e+06 253881 3.7825e+06 585996 0 -inf 175.969
3810 6.93205e+06 288251 3.7825e+06 585996 0 -inf 176.055
3820 6.94822e+06 322568 3.7825e+06 585996 0 -inf 176.14
3830 6.9637e+06 356828 3.7825e+06 585996 0 -inf 176.224
3840 6.9785e+06 391028 3.7825e+06 585996 0 -inf 176.308
3850 6.99262e+06 425166 3.7825e+06 585996 0 -inf 176.391
3860 7.00606e+06 459239 3.7825e+06 585996 0 -inf 176.473
3870 7.01881e+06 493245 3.7825e+06 585996 0 -inf 176.555
3880 7.03087e+06 527181 3.7825e+06 585996 0 -inf 176.636
3890 7.04224e+06 561045 3.7825e+06 585996 0 -inf 176.716
3900 7.05293e+06 594833 3.7825e+06 585996 0 -inf 176.796
3910 7.06292e+06 628544 3.7825e+06 585996 0 -inf 176.875
3920 7.07222e+06 662175 3.7825e+06 585996 0 -inf 176.953
3930 7.08082e+06 695724 3.7825e+06 585996 0 -inf 177.031
3940 7.08873e+06 729187 3.7825e+06 585996 0 -inf 177.108
3950 7.09595e+06 762563 3.7825e+06 585996 0 -inf 177.184
3960 7.10247e+06 795848 3.7825e+06 585996 0 -inf 177.26
3970 7.10829e+06 829042 3.7825e+06 585996 0 -inf 177.335
3980 7.11341e+06 862140 3.7825e+06 585996 0 -inf 177.409
3990 7.11784e+06 895140 3.7825e+06 585996 0 -inf 177.483
4000 7.12156e+06 928041 3.7825e+06 585996 0 -inf 177.556
4010 7.12459e+06 960839 3.7825e+06 585996 0 -inf 177.628
4020 7.12691e+06 993533 3.7825e+06 585996 0 -inf 177.699
4030 7.12854e+06 1.02612e+06 3.7825e+06 585996 0 -inf 177.77
4040 7.12946e+06 1.0586e+06 3.7825e+06 585996 0 -inf 177.841
4050 7.12968e+06 1.09096e+06 3.7825e+06 585996 0 -inf 177.91
4060 7.12921e+06 1.12321e+06 3.7825e+06 585996 0 -inf 177.979
4070 7.12803e+06 1.15534e+06 3.7825e+06 585996 0 -inf 178.047
4080 7.12614e+06 1.18736e+06 3.7825e+06 585996 0 -inf 178.115
4090 7.12356e+06 1.21925e+06 3.7825e+06 585996 0 -inf 178.182
4100 7.12028e+06 1.25102e+06 3.7825e+06 585996 0 -inf 178.248
4110 7.11629e+06 1.28267e+06 3.7825e+06 585996 0 -inf 178.314
4120 7.1116e+06 1.31418e+06 3.7825e+06 585996 0 -inf 178.379
4130 7.10622e+06 1.34557e+06 3.7825e+06 585996 0 -inf 178.444
4140 7.10013e+06 1.37682e+06 3.7825e+06 585996 0 -inf 245.826
4150 7.09334e+06 1.40793e+06 3.7825e+06 585996 0 -inf 244.704
4160 7.08586e+06 1.43891e+06 3.7825e+06 585996 0 -inf 239.676
4170 7.07767e+06 1.46975e+06 3.7825e+06 585996 0 -inf 244.822
4180 7.06879e+06 1.50045e+06 3.7825e+06 585996 0 -inf 249.951
4190 7.05921e+06 1.531e+06 3.7825e+06 585996 0 -inf 249.225
4200 7.04893e+06 1.56141e+06 3.7825e+06 585996 0 -inf 248.764
4210 7.03796e+06 1.59167e+06 3.7825e+06 585996 0 -inf 247.276
4220 7.0263e+06 1.62178e+06 3.7825e+06 585996 0 -inf 246.049
4230 7.01394e+06 1.65174e+06 3.7825e+06 585996 0 -inf 239.77
4240 7.00089e+06 1.68154e+06 3.7825e+06 585996 0 -inf 251.406
4250 6.98714e+06 1.71118e+06 3.7825e+06 585996 0 -inf 242.315
4260 6.97271e+06 1.74067e+06 3.7825e+06 585996 0 -inf 249.489
4270 6.95759e+06 1.76999e+06 3.7825e+06 585996 0 -inf 241.384
4280 6.94178e+06 1.79915e+06 3.7825e+06 585996 0 -inf 242.029
4290 6.92528e+06 1.82815e+06 3.7825e+06 585996 0 -inf 240.136
4300 6.9081e+06 1.85698e+06 3.7825e+06 585996 0 -inf 248.123
4310 6.89024e+06 1.88564e+06 3.7825e+06 585996 0 -inf 246.215
4320 6.8717e+06 1.91413e+06 3.7825e+06 585996 0 -inf 249.695
4330 6.85248e+06 1.94244e+06 3.7825e+06 585996 0 -inf 250.797
4340 6.83258e+06 1.97058e+06 3.7825e+06 585996 0 -inf 249.439
4350 6.812e+06 1.99854e+06 3.7825e+06 585996 0 -inf 242.441
4360 6.79075e+06 2.02633e+06 3.7825e+06 585996 0 -inf 253.076
4370 6.76883e+06 2.05393e+06 3.7825e+06 585996 0 -inf 250.086
4380 6.74624e+06 2.08135e+06 3.7825e+06 585996 0 -inf 247.142
4390 6.72298e+06 2.10859e+06 3.7825e+06 585996 0 -inf 240.018
4400 6.69906e+06 2.13563e+06 3.7825e+06 585996 0 -inf 251.979
4410 6.67447e+06 2.16249e+06 3.7825e+06 585996 0 -inf 251.836
4420 6.64922e+06 2.18916e+06 3.7825e+06 585996 0 -inf 249.416
4430 6.62332e+06 2.21564e+06 3.7825e+06 585996 0 -inf 244.987
4440 6.59676e+06 2.24192e+06 3.7825e+06 585996 0 -inf 246.187
4450 6.56954e+06 2.26801e+06 3.7825e+06 585996 0 -inf 249.874
4460 6.54168e+06 2.2939e+06 3.7825e+06 585996 0 -inf 247.713
4470 6.51316e+06 2.31959e+06 3.7825e+06 585996 0 -inf 248.803
4480 6.484e+06 2.34508e+06 3.7825e+06 585996 0 -inf 252.193
4490 6.4542e+06 2.37037e+06 3.7825e+06 585996 0 -inf 250.941
4500 6.42376e+06 2.39545e+06 3.7825e+06 585996 0 -inf 243.788
4510 6.39268e+06 2.42032e+06 3.7825e+06 585996 0 -inf 250.253
4520 6.36097e+06 2.44499e+06 3.7825e+06 585996 0 -inf 243.463
4530 6.32862e+06 2.46945e+06 3.7825e+06 585996 0 -inf 252.165
4540 6.29565e+06 2.4937e+06 3.7825e+06 585996 0 -inf 250.724
4550 6.26206e+06 2.51773e+06 3.7825e+06 585996 0 -inf 248.036
4560 6.22784e+06 2.54155e+06 3.7825e+06 585996 0 -inf 253.103
4570 6.19301e+06 2.56516e+06 3.7825e+06 585996 0 -inf 252.203
4580 6.15756e+06 2.58854e+06 3.7825e+06 585996 0 -inf 247.44
4590 6.1215e+06 2.61171e+06 3.7825e+06 585996 0 -inf 246.202
4600 6.08483e+06 2.63466e+06 3.7825e+06 585996 0 -inf 236.605
4610 6.04756e+06 2.65738e+06 3.7825e+06 585996 0 -inf 252.083
4620 6.00969e+06 2.67988e+06 3.7825e+06 585996 0 -inf 248.27
4630 5.97122e+06 2.70216e+06 3.7825e+06 585996 0 -inf 250.348
4640 5.93216e+06 2.72421e+06 3.7825e+06 585996 0 -inf 247.305
4650 5.89251e+06 2.74603e+06 3.7825e+06 585996 0 -inf 246.012
4660 5.85227e+06 2.76763e+06 3.7825e+06 585996 0 -inf 251.957
4670 5.81146e+06 2.78899e+06 3.7825e+06 585996 0 -inf 251.84
4680 5.77006e+06 2.81012e+06 3.7825e+06 585996 0 -inf 249.362
4690 5.72809e+06 2.83102e+06 3.7825e+06 585996 0 -inf 247.454
4700 5.68555e+06 2.85168e+06 3.7825e+06 585996 0 -inf 249.382
4710 5.64245e+06 2.8721e+06 3.7825e+06 585996 0 -inf 254.512
4720 5.59879e+06 2.89229e+06 3.7825e+06 585996 0 -inf 245.735
4730 5.55457e+06 2.91224e+06 3.7825e+06 585996 0 -inf 252.257
4740 5.50979e+06 2.93195e+06 3.7825e+06 585996 0 -inf 249.26
4750 5.46447e+06 2.95142e+06 3.7825e+06 585996 0 -inf 247.351
4760 5.41861e+06 2.97065e+06 3.7825e+06 585996 0 -inf 247.706
4770 5.3722e+06 2.98963e+06 3.7825e+06 585996 0 -inf 252.361
4780 5.32526e+06 3.00837e+06 3.7825e+06 585996 0 -inf 259.26
4790 5.27779e+06 3.02686e+06 3.7825e+06 585996 0 -inf 251.352
4800 5.2298e+06 3.04511e+06 3.7825e+06 585996 0 -inf 251.243
4810 5.18129e+06 3.06311e+06 3.7825e+06 585996 0 -inf 253.152
4820 5.13225e+06 3.08085e+06 3.7825e+06 585996 0 -inf 257.03
4830 5.08271e+06 3.09835e+06 3.7825e+06 585996 0 -inf 245.992
4840 5.03266e+06 3.1156e+06 3.7825e+06 585996 0 -inf 242.132
4850 4.98211e+06 3.13259e+06 3.7825e+06 585996 0 -inf 249.825
4860 4.93107e+06 3.14933e+06 3.7825e+06 585996 0 -inf 247.426
4870 4.87953e+06 3.16581e+06 3.7825e+06 585996 0 -inf 250.091
4880 4.82751e+06 3.18204e+06 3.7825e+06 585996 0 -inf 250.697
4890 4.775e+06 3.19802e+06 3.7825e+06 585996 0 -inf 247.655
4900 4.72202e+06 3.21373e+06 3.7825e+06 585996 0 -inf 247.808
4910 4.66857e+06 3.22919e+06 3.7825e+06 585996 0 -inf 251.793
4920 4.61465e+06 3.24439e+06 3.7825e+06 585996 0 -inf 256.117
4930 4.56027e+06 3.25933e+06 3.7825e+06 585996 0 -inf 243.671
4940 4.50543e+06 3.274e+06 3.7825e+06 585996 0 -inf 245.125
4950 4.45015e+06 3.28842e+06 3.7825e+06 585996 0 -inf 253.756
4960 4.39442e+06 3.30257e+06 3.7825e+06 585996 0 -inf 243.961
4970 4.33826e+06 3.31646e+06 3.7825e+06 585996 0 -inf 247.783
4980 4.28165e+06 3.33008e+06 3.7825e+06 585996 0 -inf 255.532
4990 4.22463e+06 3.34344e+06 3.7825e+06 585996 0 -inf 247.71
5000 4.16718e+06 3.35653e+06 3.7825e+06 585996 0 -inf 250.599
5010 4.10931e+06 3.36936e+06 3.7825e+06 585996 0 -inf 254.577
5020 4.05103e+06 3.38192e+06 3.7825e+06 585996 0 -inf 255.561
5030 3.99235e+06 3.39421e+06 3.7825e+06 585996 0 -inf 257.735
5040 3.93327e+06 3.40623e+06 3.7825e+06 585996 0 -inf 250.326
5050 3.87379e+06 3.41798e+06 3.7825e+06 585996 0 -inf 249.647
5060 3.81393e+06 3.42947e+06 3.7825e+06 585996 0 -inf 253.202
5070 3.75368e+06 3.44068e+06 3.7825e+06 585996 0 -inf 251.177
5080 3.69306e+06 3.45162e+06 3.7825e+06 585996 0 -inf 248.711
5090 3.63207e+06 3.46229e+06 3.7825e+06 585996 0 -inf 253.262
5100 3.57071e+06 3.47268e+06 3.7825e+06 585996 0 -inf 260.196
5110 3.509e+06 3.48281e+06 3.7825e+06 585996 0 -inf 248.688
5120 3.44693e+06 3.49266e+06 3.7825e+06 585996 0 -inf 247.8
5130 3.38452e+06 3.50223e+06 3.7825e+06 585996 0 -inf 247.889
5140 3.32177e+06 3.51154e+06 3.7825e+06 585996 0 -inf 257.373
5150 3.25869e+06 3.52056e+06 3.7825e+06 585996 0 -inf 256.552
5160 3.19528e+06 3.52931e+06 3.7825e+06 585996 0 -inf 254.244
5170 3.13154e+06 3.53779e+06 3.7825e+06 585996 0 -inf 246.822
5180 3.0675e+06 3.54599e+06 3.7825e+06 585996 0 -inf 249.036
5190 3.00314e+06 3.55391e+06 3.7825e+06 585996 0 -inf 253.949
5200 2.93848e+06 3.56156e+06 3.7825e+06 585996 0 -inf 251.988
5210 2.87353e+06 3.56893e+06 3.7825e+06 585996 0 -inf 249.231
5220 2.80828e+06 3.57602e+06 3.7825e+06 585996 0 -inf 253.279
5230 2.74276e+06 3.58283e+06 3.7825e+06 585996 0 -inf 251.048
5240 2.67696e+06 3.58936e+06 3.7825e+06 585996 0 -inf 249.085
5250 2.61088e+06 3.59562e+06 3.7825e+06 585996 0 -inf 254.004
5260 2.54455e+06 3.6016e+06 3.7825e+06 585996 0 -inf 248.72
5270 2.47795e+06 3.6073e+06 3.7825e+06 585996 0 -inf 251.571
5280 2.41111e+06 3.61272e+06 3.7825e+06 585996 0 -inf 252.937
5290 2.34402e+06 3.61786e+06 3.7825e+06 585996 0 -inf 249.935
5300 2.27669e+06 3.62272e+06 3.7825e+06 585996 0 -inf 255.646
5310 2.20914e+06 3.6273e+06 3.7825e+06 585996 0 -inf 257.558
5320 2.14136e+06 3.6316e+06 3.7825e+06 585996 0 -inf 242.868
5330 2.07336e+06 3.63562e+06 3.7825e+06 585996 0 -inf 252.603
5340 2.00515e+06 3.63936e+06 3.7825e+06 585996 0 -inf 252.642
5350 1.93674e+06 3.64282e+06 3.7825e+06 585996 0 -inf 248.937
5360 1.86813e+06 3.646e+06 3.7825e+06 585996 0 -inf 253.667
5370 1.79933e+06 3.6489e+06 3.7825e+06 585996 0 -inf 249.004
5380 1.73035e+06 3.65152e+06 3.7825e+06 585996 0 -inf 262.841
5390 1.66119e+06 3.65386e+06 3.7825e+06 585996 0 -inf 255.568
5400 1.59186e+06 3.65593e+06 3.7825e+06 585996 0 -inf 245.677
5410 1.52236e+06 3.65771e+06 3.7825e+06 585996 0 -inf 254.815
5420 1.45271e+06 3.65921e+06 3.7825e+06 585996 0 -inf 256.596
5430 1.38292e+06 3.66043e+06 3.7825e+06 585996 0 -inf 255.051
5440 1.31297e+06 3.66137e+06 3.7825e+06 585996 0 -inf 258.007
5450 1.24289e+06 3.66203e+06 3.7825e+06 585996 0 -inf 258.712
5460 1.17269e+06 3.66241e+06 3.7825e+06 585996 0 -inf 259.2
5470 1.10236e+06 3.66251e+06 3.7825e+06 585996 0 -inf 251.038
5480 1.03192e+06 3.66233e+06 3.7825e+06 585996 0 -inf 251.589
5490 961363 3.66187e+06 3.7825e+06 585996 0 -inf 255.784
5500 890710 3.66114e+06 3.7825e+06 585996 0 -inf 261.397
5510 819963 3.66012e+06 3.7825e+06 585996 0 -inf 261.214
5520 749128 3.65883e+06 3.7825e+06 585996 0 -inf 250.115
5530 678213 3.65726e+06 3.7825e+06 585996 0 -inf 251.201
5540 607225 3.65541e+06 3.7825e+06 585996 0 -inf 251.468
5550 536171 3.65328e+06 3.7825e+06 585996 0 -inf 251.53
5560 465058 3.65087e+06 3.7825e+06 585996 0 -inf 251.328
5570 393892 3.64819e+06 3.7825e+06 585996 0 -inf 249.817
5580 322682 3.64523e+06 3.7825e+06 585996 0 -inf 253.427
5590 251433 3.642e+06 3.7825e+06 585996 0 -inf 261.981
5600 180152 3.63849e+06 3.7825e+06 585996 0 -inf 255.747
5610 108848 3.6347e+06 3.7825e+06 585996 0 -inf 249.252
5620 37527 3.63064e+06 3.7825e+06 585996 0 -inf 257.688
5630 -33804.3 3.62631e+06 3.7825e+06 585996 0 -inf 250.69
5640 -105139 3.6217e+06 3.7825e+06 585996 0 -inf 249.702
5650 -176469 3.61682e+06 3.7825e+06 585996 0 -inf 249.948
5660 -247788 3.61166e+06 3.7825e+06 585996 0 -inf 247.814
5670 -319089 3.60623e+06 3.7825e+06 585996 0 -inf 248.056
5680 -390365 3.60053e+06 3.7825e+06 585996 0 -inf 253.471
5690 -461609 3.59456e+06 3.7825e+06 585996 0 -inf 253.262
5700 -532813 3.58831e+06 3.7825e+06 585996 0 -inf 250.969
5710 -603971 3.5818e+06 3.7825e+06 585996 0 -inf 252.542
5720 -675076 3.57502e+06 3.7825e+06 585996 0 -inf 250.862
5730 -746121 3.56796e+06 3.7825e+06 585996 0 -inf 252.515
5740 -817098 3.56064e+06 3.7825e+06 585996 0 -inf 251.75
5750 -888001 3.55305e+06 3.7825e+06 585996 0 -inf 255.485
5760 -958823 3.5452e+06 3.7825e+06 585996 0 -inf 253.694
5770 -1.02956e+06 3.53707e+06 3.7825e+06 585996 0 -inf 253.343
5780 -1.10019e+06 3.52869e+06 3.7825e+06 585996 0 -inf 254.96
5790 -1.17073e+06 3.52003e+06 3.7825e+06 585996 0 -inf 255.742
5800 -1.24116e+06 3.51112e+06 3.7825e+06 585996 0 -inf 248.327
5810 -1.31147e+06 3.50193e+06 3.7825e+06 585996 0 -inf 252.631
5820 -1.38165e+06 3.49249e+06 3.7825e+06 585996 0 -inf 254.199
5830 -1.45171e+06 3.48278e+06 3.7825e+06 585996 0 -inf 243.47
5840 -1.52163e+06 3.47282e+06 3.7825e+06 585996 0 -inf 249.933
5850 -1.59141e+06 3.46259e+06 3.7825e+06 585996 0 -inf 254.221
5860 -1.66103e+06 3.4521e+06 3.7825e+06 585996 0 -inf 256.752
5870 -1.7305e+06 3.44136e+06 3.7825e+06 585996 0 -inf 253.768
5880 -1.7998e+06 3.43035e+06 3.7825e+06 585996 0 -inf 260.08
5890 -1.86893e+06 3.41909e+06 3.7825e+06 585996 0 -inf 253.1
5900 -1.93788e+06 3.40758e+06 3.7825e+06 585996 0 -inf 255.459
5910 -2.00665e+06 3.39581e+06 3.7825e+06 585996 0 -inf 253.956
5920 -2.07523e+06 3.38378e+06 3.7825e+06 585996 0 -inf 259.923
5930 -2.1436e+06 3.3715e+06 3.7825e+06 585996 0 -inf 260.576
5940 -2.21178e+06 3.35897e+06 3.7825e+06 585996 0 -inf 258.235
5950 -2.27973e+06 3.34619e+06 3.7825e+06 585996 0 -inf 260.736
5960 -2.34747e+06 3.33316e+06 3.7825e+06 585996 0 -inf 256.724
5970 -2.41499e+06 3.31988e+06 3.7825e+06 585996 0 -inf 250.923
5980 -2.48227e+06 3.30635e+06 3.7825e+06 585996 0 -inf 256.063
5990 -2.54931e+06 3.29257e+06 3.7825e+06 585996 0 -inf 257.107
6000 -2.61611e+06 3.27855e+06 3.7825e+06 585996 0 -inf 253.74
6010 -2.68266e+06 3.26428e+06 3.7825e+06 585996 0 -inf 245.751
6020 -2.74894e+06 3.24977e+06 3.7825e+06 585996 0 -inf 255.547
6030 -2.81496e+06 3.23502e+06 3.7825e+06 585996 0 -inf 253.457
6040 -2.88071e+06 3.22003e+06 3.7825e+06 585996 0 -inf 250.577
6050 -2.94618e+06 3.20479e+06 3.7825e+06 585996 0 -inf 262.679
6060 -3.01136e+06 3.18932e+06 3.7825e+06 585996 0 -inf 254.705
6070 -3.07626e+06 3.17361e+06 3.7825e+06 585996 0 -inf 254.07
6080 -3.14085e+06 3.15766e+06 3.7825e+06 585996 0 -inf 253.904
6090 -3.20514e+06 3.14147e+06 3.7825e+06 585996 0 -inf 260.555
6100 -3.26912e+06 3.12505e+06 3.7825e+06 585996 0 -inf 254.115
6110 -3.33279e+06 3.1084e+06 3.7825e+06 585996 0 -inf 252.42
6120 -3.39613e+06 3.09152e+06 3.7825e+06 585996 0 -inf 245.766
6130 -3.45914e+06 3.0744e+06 3.7825e+06 585996 0 -inf 256.528
6140 -3.52181e+06 3.05706e+06 3.7825e+06 585996 0 -inf 251.7
6150 -3.58414e+06 3.03949e+06 3.7825e+06 585996 0 -inf 256.643
6160 -3.64612e+06 3.02169e+06 3.7825e+06 585996 0 -inf 250.867
6170 -3.70775e+06 3.00367e+06 3.7825e+06 585996 0 -inf 258.953
6180 -3.76902e+06 2.98542e+06 3.7825e+06 585996 0 -inf 256.12
6190 -3.82992e+06 2.96695e+06 3.7825e+06 585996 0 -inf 253.716
6200 -3.89045e+06 2.94826e+06 3.7825e+06 585996 0 -inf 253.882
6210 -3.9506e+06 2.92935e+06 3.7825e+06 585996 0 -inf 252.105
6220 -4.01036e+06 2.91022e+06 3.7825e+06 585996 0 -inf 253.833
6230 -4.06974e+06 2.89087e+06 3.7825e+06 585996 0 -inf 252.613
6240 -4.12872e+06 2.87131e+06 3.7825e+06 585996 0 -inf 261.602
6250 -4.18729e+06 2.85153e+06 3.7825e+06 585996 0 -inf 254.421
6260 -4.24546e+06 2.83154e+06 3.7825e+06 585996 0 -inf 255.534
6270 -4.30321e+06 2.81134e+06 3.7825e+06 585996 0 -inf 256.357
6280 -4.36054e+06 2.79093e+06 3.7825e+06 585996 0 -inf 247.659
6290 -4.41745e+06 2.77031e+06 3.7825e+06 585996 0 -inf 251.977
6300 -4.47392e+06 2.74949e+06 3.7825e+06 585996 0 -inf 257.535
6310 -4.52996e+06 2.72845e+06 3.7825e+06 585996 0 -inf 255.861
6320 -4.58556e+06 2.70722e+06 3.7825e+06 585996 0 -inf 254.323
6330 -4.6407e+06 2.68578e+06 3.7825e+06 585996 0 -inf 260.277
6340 -4.6954e+06 2.66415e+06 3.7825e+06 585996 0 -inf 255.532
6350 -4.74963e+06 2.64231e+06 3.7825e+06 585996 0 -inf 260.963
6360 -4.80341e+06 2.62028e+06 3.7825e+06 585996 0 -inf 249.591
6370 -4.85671e+06 2.59805e+06 3.7825e+06 585996 0 -inf 252.763
6380 -4.90953e+06 2.57562e+06 3.7825e+06 585996 0 -inf 244.174
6390 -4.96188e+06 2.55301e+06 3.7825e+06 585996 0 -inf 253.995
6400 -5.01374e+06 2.5302e+06 3.7825e+06 585996 0 -inf 254.206
6410 -5.06511e+06 2.50721e+06 3.7825e+06 585996 0 -inf 251.162
6420 -5.11598e+06 2.48402e+06 3.7825e+06 585996 0 -inf 246.726
6430 -5.16635e+06 2.46065e+06 3.7825e+06 585996 0 -inf 255.984
6440 -5.21622e+06 2.4371e+06 3.7825e+06 585996 0 -inf 252.054
6450 -5.26558e+06 2.41336e+06 3.7825e+06 585996 0 -inf 255.472
6460 -5.31442e+06 2.38945e+06 3.7825e+06 585996 0 -inf 258.498
6470 -5.36273e+06 2.36535e+06 3.7825e+06 585996 0 -inf 257.855
6480 -5.41053e+06 2.34108e+06 3.7825e+06 585996 0 -inf 252.7
6490 -5.45779e+06 2.31663e+06 3.7825e+06 585996 0 -inf 249.644
6500 -5.50452e+06 2.29201e+06 3.7825e+06 585996 0 -inf 261.683
6510 -5.55071e+06 2.26721e+06 3.7825e+06 585996 0 -inf 251.267
6520 -5.59635e+06 2.24225e+06 3.7825e+06 585996 0 -inf 254.302
6530 -5.64145e+06 2.21711e+06 3.7825e+06 585996 0 -inf 255.733
6540 -5.68599e+06 2.19181e+06 3.7825e+06 585996 0 -inf 255.462
6550 -5.72997e+06 2.16635e+06 3.7825e+06 585996 0 -inf 259.216
6560 -5.77339e+06 2.14072e+06 3.7825e+06 585996 0 -inf 255.985
6570 -5.81625e+06 2.11493e+06 3.7825e+06 585996 0 -inf 270.148
6580 -5.85853e+06 2.08898e+06 3.7825e+06 585996 0 -inf 262.207
6590 -5.90024e+06 2.06288e+06 3.7825e+06 585996 0 -inf 246.553
6600 -5.94137e+06 2.03662e+06 3.7825e+06 585996 0 -inf 256.494
6610 -5.98191e+06 2.0102e+06 3.7825e+06 585996 0 -inf 246.873
6620 -6.02187e+06 1.98364e+06 3.7825e+06 585996 0 -inf 249.765
6630 -6.06124e+06 1.95692e+06 3.7825e+06 585996 0 -inf 262.355
6640 -6.10001e+06 1.93006e+06 3.7825e+06 585996 0 -inf 253.907
6650 -6.13818e+06 1.90305e+06 3.7825e+06 585996 0 -inf 252.697
6660 -6.17575e+06 1.8759e+06 3.7825e+06 585996 0 -inf 246.89
6670 -6.21271e+06 1.8486e+06 3.7825e+06 585996 0 -inf 247.433
6680 -6.24907e+06 1.82116e+06 3.7825e+06 585996 0 -inf 254.913
6690 -6.2848e+06 1.79359e+06 3.7825e+06 585996 0 -inf 250.665
6700 -6.31992e+06 1.76588e+06 3.7825e+06 585996 0 -inf 249.482
6710 -6.35442e+06 1.73804e+06 3.7825e+06 585996 0 -inf 256.891
6720 -6.38829e+06 1.71006e+06 3.7825e+06 585996 0 -inf 250.635
6730 -6.42154e+06 1.68195e+06 3.7825e+06 585996 0 -inf 258.97
6740 -6.45415e+06 1.65372e+06 3.7825e+06 585996 0 -inf 250.745
6750 -6.48613e+06 1.62536e+06 3.7825e+06 585996 0 -inf 253.977
6760 -6.51747e+06 1.59687e+06 3.7825e+06 585996 0 -inf 255.443
6770 -6.54817e+06 1.56827e+06 3.7825e+06 585996 0 -inf 264.46
6780 -6.57823e+06 1.53954e+06 3.7825e+06 585996 0 -inf 260.881
6790 -6.60763e+06 1.51069e+06 3.7825e+06 585996 0 -inf 259.012
6800 -6.63639e+06 1.48173e+06 3.7825e+06 585996 0 -inf 255.696
6810 -6.6645e+06 1.45266e+06 3.7825e+06 585996 0 -inf 258.801
6820 -6.69195e+06 1.42347e+06 3.7825e+06 585996 0 -inf 250.292
6830 -6.71874e+06 1.39418e+06 3.7825e+06 585996 0 -inf 253.78
6840 -6.74486e+06 1.36477e+06 3.7825e+06 585996 0 -inf 254.412
6850 -6.77033e+06 1.33526e+06 3.7825e+06 585996 0 -inf 251.582
6860 -6.79513e+06 1.30565e+06 3.7825e+06 585996 0 -inf 246.019
6870 -6.81926e+06 1.27594e+06 3.7825e+06 585996 0 -inf 259.893
6880 -6.84272e+06 1.24613e+06 3.7825e+06 585996 0 -inf 254.942
6890 -6.8655e+06 1.21622e+06 3.7825e+06 585996 0 -inf 254.292
6900 -6.88761e+06 1.18621e+06 3.7825e+06 585996 0 -inf 251.389
6910 -6.90904e+06 1.15612e+06 3.7825e+06 585996 0 -inf 265.854
6920 -6.92979e+06 1.12593e+06 3.7825e+06 585996 0 -inf 256.608
6930 -6.94986e+06 1.09565e+06 3.7825e+06 585996 0 -inf 255.386
6940 -6.96924e+06 1.06529e+06 3.7825e+06 585996 0 -inf 258.215
6950 -6.98793e+06 1.03485e+06 3.7825e+06 585996 0 -inf 252.384
6960 -7.00594e+06 1.00432e+06 3.7825e+06 585996 0 -inf 247.599
6970 -7.02326e+06 973712 3.7825e+06 585996 0 -inf 257.527
6980 -7.03989e+06 943027 3.7825e+06 585996 0 -inf 249.777
6990 -7.05582e+06 912268 3.7825e+06 585996 0 -inf 253.168
7000 -7.07106e+06 881436 3.7825e+06 585996 0 -inf 251.094
7010 -7.0856e+06 850533 3.7825e+06 585996 0 -inf 246.258
7020 -7.09944e+06 819561 3.7825e+06 585996 0 -inf 250.214
7030 -7.11258e+06 788523 3.7825e+06 585996 0 -inf 249.631
7040 -7.12502e+06 757422 3.7825e+06 585996 0 -inf 256.665
7050 -7.13676e+06 726258 3.7825e+06 585996 0 -inf 249.837
7060 -7.1478e+06 695035 3.7825e+06 585996 0 -inf 252.178
7070 -7.15813e+06 663754 3.7825e+06 585996 0 -inf 255.701
7080 -7.16776e+06 632418 3.7825e+06 585996 0 -inf 253.223
7090 -7.17668e+06 601030 3.7825e+06 585996 0 -inf 248.021
7100 -7.1849e+06 569591 3.7825e+06 585996 0 -inf 250.502
7110 -7.1924e+06 538103 3.7825e+06 585996 0 -inf 252.618
7120 -7.1992e+06 506570 3.7825e+06 585996 0 -inf 254.746
7130 -7.20529e+06 474993 3.7825e+06 585996 0 -inf 249.918
7140 -7.21066e+06 443374 3.7825e+06 585996 0 -inf 256.328
7150 -7.21533e+06 411716 3.7825e+06 585996 0 -inf 250.58
7160 -7.21929e+06 380021 3.7825e+06 585996 0 -inf 252.2
7170 -7.22253e+06 348292 3.7825e+06 585996 0 -inf 256.983
7180 -7.22507e+06 316530 3.7825e+06 585996 0 -inf 250.237
7190 -7.22689e+06 284738 3.7825e+06 585996 0 -inf 259.224
7200 -7.228e+06 252918 3.7825e+06 585996 0 -inf 183.404
7210 -7.22839e+06 221073 3.7825e+06 585996 0 -inf 183.389
7220 -7.22808e+06 189205 3.7825e+06 585996 0 -inf 183.373
7230 -7.22705e+06 157316 3.7825e+06 585996 0 -inf 183.358
7240 -7.22531e+06 125409 3.7825e+06 585996 0 -inf 183.342
7250 -7.22286e+06 93484.9 3.7825e+06 585996 0 -inf 183.326
7260 -7.21969e+06 61547.2 3.7825e+06 585996 0 -inf 183.31
7270 -7.21582e+06 29598 3.7825e+06 585996 0 -inf 183.293
7280 -7.21123e+06 -2360.6 3.7825e+06 585996 0 -inf 183.277
7290 -7.20594e+06 -34326.1 3.7825e+06 585996 0 -inf 183.26
7300 -7.19993e+06 -66296.3 3.7825e+06 585996 0 -inf 183.243
7310 -7.19322e+06 -98268.7 3.7825e+06 585996 0 -inf 183.226
7320 -7.18579e+06 -130241 3.7825e+06 585996 0 -inf 183.208
7330 -7.17766e+06 -162211 3.7825e+06 585996 0 -inf 183.191
7340 -7.16882e+06 -194177 3.7825e+06 585996 0 -inf 183.173
7350 -7.15928e+06 -226135 3.7825e+06 585996 0 -inf 183.155
7360 -7.14903e+06 -258084 3.7825e+06 585996 0 -inf 183.137
7370 -7.13808e+06 -290022 3.7825e+06 585996 0 -inf 183.118
7380 -7.12642e+06 -321946 3.7825e+06 585996 0 -inf 183.1
7390 -7.11406e+06 -353853 3.7825e+06 585996 0 -inf 183.081
7400 -7.101e+06 -385742 3.7825e+06 585996 0 -inf 183.062
7410 -7.08724e+06 -417609 3.7825e+06 585996 0 -inf 183.042
7420 -7.07279e+06 -449454 3.7825e+06 585996 0 -inf 183.023
7430 -7.05764e+06 -481273 3.7825e+06 585996 0 -inf 183.003
7440 -7.04179e+06 -513064 3.7825e+06 585996 0 -inf 182.983
7450 -7.02525e+06 -544824 3.7825e+06 585996 0 -inf 182.963
7460 -7.00802e+06 -576552 3.7825e+06 585996 0 -inf 182.943
7470 -6.9901e+06 -608245 3.7825e+06 585996 0 -inf 182.923
7480 -6.97149e+06 -639901 3.7825e+06 585996 0 -inf 182.902
7490 -6.9522e+06 -671518 3.7825e+06 585996 0 -inf 182.881
7500 -6.93222e+06 -703092 3.7825e+06 585996 0 -inf 182.86
7510 -6.91156e+06 -734623 3.7825e+06 585996 0 -inf 182.838
7520 -6.89022e+06 -766106 3.7825e+06 585996 0 -inf 182.817
7530 -6.8682e+06 -797541 3.7825e+06 585996 0 -inf 182.795
7540 -6.84551e+06 -828925 3.7825e+06 585996 0 -inf 182.773
7550 -6.82214e+06 -860256 3.7825e+06 585996 0 -inf 182.751
7560 -6.79811e+06 -891530 3.7825e+06 585996 0 -inf 182.728
7570 -6.7734e+06 -922747 3.7825e+06 585996 0 -inf 182.706
7580 -6.74803e+06 -953903 3.7825e+06 585996 0 -inf 182.683
7590 -6.722e+06 -984996 3.7825e+06 585996 0 -inf 182.66
7600 -6.6953e+06 -1.01602e+06 3.7825e+06 585996 0 -inf 182.636
7610 -6.66795e+06 -1.04699e+06 3.7825e+06 585996 0 -inf 182.613
7620 -6.63994e+06 -1.07788e+06 3.7825e+06 585996 0 -inf 182.589
7630 -6.61128e+06 -1.1087e+06 3.7825e+06 585996 0 -inf 182.565
7640 -6.58197e+06 -1.13944e+06 3.7825e+06 585996 0 -inf 182.541
7650 -6.55202e+06 -1.17011e+06 3.7825e+06 585996 0 -inf 182.517
7660 -6.52142e+06 -1.2007e+06 3.7825e+06 585996 0 -inf 182.492
7670 -6.49018e+06 -1.23121e+06 3.7825e+06 585996 0 -inf 182.467
7680 -6.4583e+06 -1.26164e+06 3.7825e+06 585996 0 -inf 182.442
7690 -6.42579e+06 -1.29198e+06 3.7825e+06 585996 0 -inf 182.416
7700 -6.39265e+06 -1.32223e+06 3.7825e+06 585996 0 -inf 182.391
7710 -6.35889e+06 -1.3524e+06 3.7825e+06 585996 0 -inf 182.365
7720 -6.32449e+06 -1.38247e+06 3.7825e+06 585996 0 -inf 182.339
7730 -6.28948e+06 -1.41244e+06 3.7825e+06 585996 0 -inf 182.313
7740 -6.25385e+06 -1.44232e+06 3.7825e+06 585996 0 -inf 182.286
7750 -6.21761e+06 -1.4721e+06 3.7825e+06 585996 0 -inf 182.259
7760 -6.18076e+06 -1.50178e+06 3.7825e+06 585996 0 -inf 182.233
7770 -6.1433e+06 -1.53136e+06 3.7825e+06 585996 0 -inf 182.205
7780 -6.10525e+06 -1.56083e+06 3.7825e+06 585996 0 -inf 182.178
7790 -6.06659e+06 -1.59019e+06 3.7825e+06 585996 0 -inf 182.15
7800 -6.02734e+06 -1.61944e+06 3.7825e+06 585996 0 -inf 182.122
7810 -5.9875e+06 -1.64858e+06 3.7825e+06 585996 0 -inf 182.094
7820 -5.94707e+06 -1.6776e+06 3.7825e+06 585996 0 -inf 182.066
7830 -5.90606e+06 -1.70651e+06 3.7825e+06 585996 0 -inf 182.037
7840 -5.86447e+06 -1.7353e+06 3.7825e+06 585996 0 -inf 182.008
7850 -5.82231e+06 -1.76397e+06 3.7825e+06 585996 0 -inf 181.979
7860 -5.77958e+06 -1.79251e+06 3.7825e+06 585996 0 -inf 181.949
7870 -5.73628e+06 -1.82093e+06 3.7825e+06 585996 0 -inf 181.92
7880 -5.69243e+06 -1.84922e+06 3.7825e+06 585996 0 -inf 181.89
7890 -5.64801e+06 -1.87739e+06 3.7825e+06 585996 0 -inf 181.86
7900 -5.60305e+06 -1.90542e+06 3.7825e+06 585996 0 -inf 181.829
7910 -5.55754e+06 -1.93331e+06 3.7825e+06 585996 0 -inf 181.799
7920 -5.51148e+06 -1.96107e+06 3.7825e+06 585996 0 -inf 181.768
7930 -5.46489e+06 -1.98869e+06 3.7825e+06 585996 0 -inf 181.737
7940 -5.41776e+06 -2.01617e+06 3.7825e+06 585996 0 -inf 181.705
7950 -5.37011e+06 -2.04351e+06 3.7825e+06 585996 0 -inf 181.674
7960 -5.32193e+06 -2.07071e+06 3.7825e+06 585996 0 -inf 181.642
7970 -5.27323e+06 -2.09775e+06 3.7825e+06 585996 0 -inf 181.61
7980 -5.22402e+06 -2.12465e+06 3.7825e+06 585996 0 -inf 181.577
7990 -5.17429e+06 -2.1514e+06 3.7825e+06 585996 0 -inf 181.545
8000 -5.12407e+06 -2.178e+06 3.7825e+06 585996 0 -inf 181.512
8010 -5.07334e+06 -2.20444e+06 3.7825e+06 585996 0 -inf 181.479
8020 -5.02213e+06 -2.23072e+06 3.7825e+06 585996 0 -inf 181.445
8030 -4.97042e+06 -2.25684e+06 3.7825e+06 585996 0 -inf 181.411
8040 -4.91823e+06 -2.2828e+06 3.7825e+06 585996 0 -inf 181.377
8050 -4.86556e+06 -2.3086e+06 3.7825e+06 585996 0 -inf 181.343
8060 -4.81241e+06 -2.33424e+06 3.7825e+06 585996 0 -inf 181.309
8070 -4.7588e+06 -2.35971e+06 3.7825e+06 585996 0 -inf 181.274
8080 -4.70473e+06 -2.385e+06 3.7825e+06 585996 0 -inf 181.239
8090 -4.6502e+06 -2.41013e+06 3.7825e+06 585996 0 -inf 181.204
8100 -4.59522e+06 -2.43509e+06 3.7825e+06 585996 0 -inf 181.168
8110 -4.53979e+06 -2.45986e+06 3.7825e+06 585996 0 -inf 181.132
8120 -4.48392e+06 -2.48447e+06 3.7825e+06 585996 0 -inf 181.096
8130 -4.42762e+06 -2.50889e+06 3.7825e+06 585996 0 -inf 181.06
8140 -4.37089e+06 -2.53313e+06 3.7825e+06 585996 0 -inf 181.023
8150 -4.31374e+06 -2.55719e+06 3.7825e+06 585996 0 -inf 180.986
8160 -4.25616e+06 -2.58107e+06 3.7825e+06 585996 0 -inf 180.949
8170 -4.19818e+06 -2.60476e+06 3.7825e+06 585996 0 -inf 180.912
8180 -4.13979e+06 -2.62826e+06 3.7825e+06 585996 0 -inf 180.874
8190 -4.081e+06 -2.65157e+06 3.7825e+06 585996 0 -inf 180.836
8200 -4.02181e+06 -2.67468e+06 3.7825e+06 585996 0 -inf 180.798
8210 -3.96224e+06 -2.69761e+06 3.7825e+06 585996 0 -inf 180.759
8220 -3.90229e+06 -2.72034e+06 3.7825e+06 585996 0 -inf 180.72
8230 -3.84195e+06 -2.74287e+06 3.7825e+06 585996 0 -inf 180.681
8240 -3.78125e+06 -2.7652e+06 3.7825e+06 585996 0 -inf 180.642
8250 -3.72019e+06 -2.78733e+06 3.7825e+06 585996 0 -inf 180.602
8260 -3.65876e+06 -2.80925e+06 3.7825e+06 585996 0 -inf 180.562
8270 -3.59699e+06 -2.83098e+06 3.7825e+06 585996 0 -inf 180.522
8280 -3.53486e+06 -2.85249e+06 3.7825e+06 585996 0 -inf 180.482
8290 -3.4724e+06 -2.8738e+06 3.7825e+06 585996 0 -inf 180.441
8300 -3.40961e+06 -2.89489e+06 3.7825e+06 585996 0 -inf 180.4
8310 -3.34649e+06 -2.91578e+06 3.7825e+06 585996 0 -inf 180.359
8320 -3.28304e+06 -2.93645e+06 3.7825e+06 585996 0 -inf 180.317
8330 -3.21929e+06 -2.95691e+06 3.7825e+06 585996 0 -inf 180.275
8340 -3.15522e+06 -2.97715e+06 3.7825e+06 585996 0 -inf 180.233
8350 -3.09086e+06 -2.99717e+06 3.7825e+06 585996 0 -inf 180.191
8360 -3.02619e+06 -3.01697e+06 3.7825e+06 585996 0 -inf 180.148
8370 -2.96124e+06 -3.03654e+06 3.7825e+06 585996 0 -inf 180.105
8380 -2.89601e+06 -3.0559e+06 3.7825e+06 585996 0 -inf 180.062
8390 -2.8305e+06 -3.07503e+06 3.7825e+06 585996 0 -inf 180.019
8400 -2.76473e+06 -3.09393e+06 3.7825e+06 585996 0 -inf 179.975
8410 -2.69869e+06 -3.11261e+06 3.7825e+06 585996 0 -inf 179.931
8420 -2.63239e+06 -3.13105e+06 3.7825e+06 585996 0 -inf 179.887
8430 -2.56585e+06 -3.14927e+06 3.7825e+06 585996 0 -inf 179.842
8440 -2.49906e+06 -3.16725e+06 3.7825e+06 585996 0 -inf 179.797
8450 -2.43203e+06 -3.18499e+06 3.7825e+06 585996 0 -inf 179.752
8460 -2.36478e+06 -3.2025e+06 3.7825e+06 585996 0 -inf 179.707
8470 -2.29731e+06 -3.21977e+06 3.7825e+06 585996 0 -inf 179.662
8480 -2.22962e+06 -3.23681e+06 3.7825e+06 585996 0 -inf 179.616
8490 -2.16171e+06 -3.2536e+06 3.7825e+06 585996 0 -inf 179.57
8500 -2.09361e+06 -3.27015e+06 3.7825e+06 585996 0 -inf 179.523
8510 -2.02531e+06 -3.28646e+06 3.7825e+06 585996 0 -inf 179.477
8520 -1.95683e+06 -3.30252e+06 3.7825e+06 585996 0 -inf 179.43
8530 -1.88816e+06 -3.31833e+06 3.7825e+06 585996 0 -inf 179.383
8540 -1.81931e+06 -3.3339e+06 3.7825e+06 585996 0 -inf 179.335
8550 -1.7503e+06 -3.34922e+06 3.7825e+06 585996 0 -inf 179.288
8560 -1.68113e+06 -3.36429e+06 3.7825e+06 585996 0 -inf 179.24
8570 -1.6118e+06 -3.37911e+06 3.7825e+06 585996 0 -inf 179.192
8580 -1.54232e+06 -3.39367e+06 3.7825e+06 585996 0 -inf 179.144
8590 -1.47271e+06 -3.40798e+06 3.7825e+06 585996 0 -inf 179.095
8600 -1.40296e+06 -3.42204e+06 3.7825e+06 585996 0 -inf 179.047
8610 -1.33308e+06 -3.43583e+06 3.7825e+06 585996 0 -inf 178.998
8620 -1.26308e+06 -3.44937e+06 3.7825e+06 585996 0 -inf 178.949
8630 -1.19297e+06 -3.46265e+06 3.7825e+06 585996 0 -inf 178.9
8640 -1.12276e+06 -3.47567e+06 3.7825e+06 585996 0 -inf 178.85
8650 -1.05244e+06 -3.48843e+06 3.7825e+06 585996 0 -inf 178.8
8660 -982036 -3.50092e+06 3.7825e+06 585996 0 -inf 178.751
8670 -911545 -3.51315e+06 3.7825e+06 585996 0 -inf 178.7
8680 -840975 -3.52511e+06 3.7825e+06 585996 0 -inf 178.65
8690 -770335 -3.53681e+06 3.7825e+06 585996 0 -inf 178.6
8700 -699631 -3.54824e+06 3.7825e+06 585996 0 -inf 178.549
8710 -628870 -3.5594e+06 3.7825e+06 585996 0 -inf 178.499
8720 -558059 -3.57029e+06 3.7825e+06 585996 0 -inf 178.448
8730 -487206 -3.58091e+06 3.7825e+06 585996 0 -inf 178.397
8740 -416316 -3.59126e+06 3.7825e+06 585996 0 -inf 178.346
8750 -345398 -3.60133e+06 3.7825e+06 585996 0 -inf 178.295
8760 -274458 -3.61113e+06 3.7825e+06 585996 0 -inf 178.244
8770 -203504 -3.62066e+06 3.7825e+06 585996 0 -inf 178.193
8780 -132541 -3.62991e+06 3.7825e+06 585996 0 -inf 178.141
8790 -61578.5 -3.63888e+06 3.7825e+06 585996 0 -inf 178.09
8800 9377.91 -3.64757e+06 3.7825e+06 585996 0 -inf 178.039
8810 80320.9 -3.65599e+06 3.7825e+06 585996 0 -inf 177.987
8820 151243 -3.66412e+06 3.7825e+06 585996 0 -inf 177.936
8830 222138 -3.67198e+06 3.7825e+06 585996 0 -inf 177.884
8840 292999 -3.67955e+06 3.7825e+06 585996 0 -inf 177.833
8850 363818 -3.68684e+06 3.7825e+06 585996 0 -inf 177.781
8860 434588 -3.69385e+06 3.7825e+06 585996 0 -inf 177.73
8870 505303 -3.70057e+06 3.7825e+06 585996 0 -inf 177.679
8880 575955 -3.70701e+06 3.7825e+06 585996 0 -inf 177.628
8890 646537 -3.71316e+06 3.7825e+06 585996 0 -inf 177.577
8900 717043 -3.71903e+06 3.7825e+06 585996 0 -inf 177.526
8910 787466 -3.72461e+06 3.7825e+06 585996 0 -inf 177.475
8920 857798 -3.7299e+06 3.7825e+06 585996 0 -inf 177.424
8930 928032 -3.7349e+06 3.7825e+06 585996 0 -inf 177.374
8940 998163 -3.73961e+06 3.7825e+06 585996 0 -inf 177.324
8950 1.06818e+06 -3.74403e+06 3.7825e+06 585996 0 -inf 177.274
8960 1.13808e+06 -3.74817e+06 3.7825e+06 585996 0 -inf 177.224
8970 1.20786e+06 -3.75201e+06 3.7825e+06 585996 0 -inf 177.175
8980 1.2775e+06 -3.75556e+06 3.7825e+06 585996 0 -inf 177.126
8990 1.34701e+06 -3.75881e+06 3.7825e+06 585996 0 -inf 177.077
9000 1.41636e+06 -3.76178e+06 3.7825e+06 585996 0 -inf 177.029
9010 1.48557e+06 -3.76445e+06 3.7825e+06 585996 0 -inf 176.981
9020 1.55462e+06 -3.76683e+06 3.7825e+06 585996 0 -inf 176.933
9030 1.6235e+06 -3.76891e+06 3.7825e+06 585996 0 -inf 176.886
9040 1.6922e+06 -3.7707e+06 3.7825e+06 585996 0 -inf 176.84
9050 1.76073e+06 -3.77219e+06 3.7825e+06 585996 0 -inf 176.793
9060 1.82907e+06 -3.77339e+06 3.7825e+06 585996 0 -inf 176.748
9070 1.89722e+06 -3.77429e+06 3.7825e+06 585996 0 -inf 176.703
9080 1.96517e+06 -3.77489e+06 3.7825e+06 585996 0 -inf 176.659
9090 2.03291e+06 -3.7752e+06 3.7825e+06 585996 0 -inf 176.615
9100 2.10044e+06 -3.77521e+06 3.7825e+06 585996 0 -inf 176.572
9110 2.16774e+06 -3.77492e+06 3.7825e+06 585996 0 -inf 176.53
9120 2.23482e+06 -3.77433e+06 3.7825e+06 585996 0 -inf 176.489
9130 2.30167e+06 -3.77345e+06 3.7825e+06 585996 0 -inf 176.448
9140 2.36828e+06 -3.77227e+06 3.7825e+06 585996 0 -inf 176.409
9150 2.43464e+06 -3.77078e+06 3.7825e+06 585996 0 -inf 176.37
9160 2.50075e+06 -3.769e+06 3.7825e+06 585996 0 -inf 176.332
9170 2.56659e+06 -3.76692e+06 3.7825e+06 585996 0 -inf 176.295
9180 2.63218e+06 -3.76455e+06 3.7825e+06 585996 0 -inf 176.259
9190 2.69749e+06 -3.76187e+06 3.7825e+06 585996 0 -inf 176.224
9200 2.76252e+06 -3.75889e+06 3.7825e+06 585996 0 -inf 176.19
9210 2.82726e+06 -3.75561e+06 3.7825e+06 585996 0 -inf 176.157
9220 2.89172e+06 -3.75204e+06 3.7825e+06 585996 0 -inf 176.125
9230 2.95587e+06 -3.74816e+06 3.7825e+06 585996 0 -inf 176.094
9240 3.01973e+06 -3.74398e+06 3.7825e+06 585996 0 -inf 176.065
9250 3.08327e+06 -3.73951e+06 3.7825e+06 585996 0 -inf 176.037
9260 3.14649e+06 -3.73473e+06 3.7825e+06 585996 0 -inf 176.01
9270 3.20939e+06 -3.72965e+06 3.7825e+06 585996 0 -inf 175.984
9280 3.27197e+06 -3.72428e+06 3.7825e+06 585996 0 -inf 175.96
9290 3.33421e+06 -3.7186e+06 3.7825e+06 585996 0 -inf 175.937
9300 3.3961e+06 -3.71262e+06 3.7825e+06 585996 0 -inf 175.916
9310 3.45765e+06 -3.70635e+06 3.7825e+06 585996 0 -inf 175.896
9320 3.51885e+06 -3.69978e+06 3.7825e+06 585996 0 -inf 175.877
9330 3.57968e+06 -3.6929e+06 3.7825e+06 585996 0 -inf 175.86
9340 3.64015e+06 -3.68573e+06 3.7825e+06 585996 0 -inf 175.844
9350 3.70025e+06 -3.67826e+06 3.7825e+06 585996 0 -inf 175.83
9360 3.75998e+06 -3.67049e+06 3.7825e+06 585996 0 -inf 175.817
9370 3.81932e+06 -3.66242e+06 3.7825e+06 585996 0 -inf 175.806
9380 3.87827e+06 -3.65405e+06 3.7825e+06 585996 0 -inf 175.796
9390 3.93682e+06 -3.64539e+06 3.7825e+06 585996 0 -inf 175.788
9400 3.99498e+06 -3.63643e+06 3.7825e+06 585996 0 -inf 175.782
9410 4.05273e+06 -3.62717e+06 3.7825e+06 585996 0 -inf 175.777
9420 4.11007e+06 -3.61761e+06 3.7825e+06 585996 0 -inf 175.774
9430 4.16699e+06 -3.60776e+06 3.7825e+06 585996 0 -inf 175.772
9440 4.22349e+06 -3.59761e+06 3.7825e+06 585996 0 -inf 175.772
9450 4.27956e+06 -3.58717e+06 3.7825e+06 585996 0 -inf 175.773
9460 4.33519e+06 -3.57643e+06 3.7825e+06 585996 0 -inf 175.776
9470 4.39039e+06 -3.5654e+06 3.7825e+06 585996 0 -inf 175.781
9480 4.44514e+06 -3.55407e+06 3.7825e+06 585996 0 -inf 175.787
9490 4.49945e+06 -3.54245e+06 3.7825e+06 585996 0 -inf 175.795
9500 4.55329e+06 -3.53054e+06 3.7825e+06 585996 0 -inf 175.805
9510 4.60668e+06 -3.51834e+06 3.7825e+06 585996 0 -inf 175.816
9520 4.6596e+06 -3.50584e+06 3.7825e+06 585996 0 -inf 175.828
9530 4.71205e+06 -3.49305e+06 3.7825e+06 585996 0 -inf 175.842
9540 4.76403e+06 -3.47997e+06 3.7825e+06 585996 0 -inf 175.858
9550 4.81553e+06 -3.4666e+06 3.7825e+06 585996 0 -inf 175.874
9560 4.86653e+06 -3.45294e+06 3.7825e+06 585996 0 -inf 175.893
9570 4.91705e+06 -3.439e+06 3.7825e+06 585996 0 -inf 175.913
9580 4.96708e+06 -3.42476e+06 3.7825e+06 585996 0 -inf 175.934
9590 5.0166e+06 -3.41024e+06 3.7825e+06 585996 0 -inf 175.956
9600 5.06561e+06 -3.39544e+06 3.7825e+06 585996 0 -inf 175.98
9610 5.11412e+06 -3.38034e+06 3.7825e+06 585996 0 -inf 176.006
9620 5.16211e+06 -3.36497e+06 3.7825e+06 585996 0 -inf 176.032
9630 5.20959e+06 -3.34931e+06 3.7825e+06 585996 0 -inf 176.06
9640 5.25654e+06 -3.33336e+06 3.7825e+06 585996 0 -inf 176.089
9650 5.30296e+06 -3.31714e+06 3.7825e+06 585996 0 -inf 176.119
9660 5.34884e+06 -3.30063e+06 3.7825e+06 585996 0 -inf 176.15
9670 5.3942e+06 -3.28384e+06 3.7825e+06 585996 0 -inf 176.183
9680 5.439e+06 -3.26678e+06 3.7825e+06 585996 0 -inf 176.216
9690 5.48327e+06 -3.24944e+06 3.7825e+06 585996 0 -inf 176.25
9700 5.52698e+06 -3.23182e+06 3.7825e+06 585996 0 -inf 176.286
9710 5.57014e+06 -3.21392e+06 3.7825e+06 585996 0 -inf 176.322
9720 5.61274e+06 -3.19575e+06 3.7825e+06 585996 0 -inf 176.36
9730 5.65478e+06 -3.1773e+06 3.7825e+06 585996 0 -inf 176.398
9740 5.69625e+06 -3.15859e+06 3.7825e+06 585996 0 -inf 176.437
9750 5.73715e+06 -3.1396e+06 3.7825e+06 585996 0 -inf 176.477
9760 5.77747e+06 -3.12034e+06 3.7825e+06 585996 0 -inf 176.518
9770 5.81722e+06 -3.10081e+06 3.7825e+06 585996 0 -inf 176.559
9780 5.85638e+06 -3.08101e+06 3.7825e+06 585996 0 -inf 176.601
9790 5.89496e+06 -3.06095e+06 3.7825e+06 585996 0 -inf 176.644
9800 5.93295e+06 -3.04062e+06 3.7825e+06 585996 0 -inf 176.687
9810 5.97035e+06 -3.02002e+06 3.7825e+06 585996 0 -inf 176.731
9820 6.00715e+06 -2.99917e+06 3.7825e+06 585996 0 -inf 176.776
9830 6.04335e+06 -2.97805e+06 3.7825e+06 585996 0 -inf 176.821
9840 6.07894e+06 -2.95667e+06 3.7825e+06 585996 0 -inf 176.867
9850 6.11393e+06 -2.93503e+06 3.7825e+06 585996 0 -inf 176.913
9860 6.14831e+06 -2.91313e+06 3.7825e+06 585996 0 -inf 176.959
9870 6.18207e+06 -2.89098e+06 3.7825e+06 585996 0 -inf 177.006
9880 6.21522e+06 -2.86858e+06 3.7825e+06 585996 0 -inf 177.054
9890 6.24775e+06 -2.84592e+06 3.7825e+06 585996 0 -inf 177.102
9900 6.27966e+06 -2.823e+06 3.7825e+06 585996 0 -inf 177.15
9910 6.31094e+06 -2.79984e+06 3.7825e+06 585996 0 -inf 177.198
9920 6.34159e+06 -2.77643e+06 3.7825e+06 585996 0 -inf 177.247
9930 6.37161e+06 -2.75277e+06 3.7825e+06 585996 0 -inf 177.295
9940 6.40099e+06 -2.72887e+06 3.7825e+06 585996 0 -inf 177.345
9950 6.42974e+06 -2.70472e+06 3.7825e+06 585996 0 -inf 177.394
9960 6.45785e+06 -2.68033e+06 3.7825e+06 585996 0 -inf 177.443
9970 6.48531e+06 -2.6557e+06 3.7825e+06 585996 0 -inf 177.493
9980 6.51214e+06 -2.63083e+06 3.7825e+06 585996 0 -inf 177.543
9990 6.53831e+06 -2.60572e+06 3.7825e+06 585996 0 -inf 177.593
10000 6.56383e+06 -2.58037e+06 3.7825e+06 585996 0 -inf 177.643
10010 6.5887e+06 -2.5548e+06 3.7825e+06 585996 0 -inf 177.693
10020 6.61292e+06 -2.52899e+06 3.7825e+06 585996 0 -inf 177.743
10030 6.63648e+06 -2.50294e+06 3.7825e+06 585996 0 -inf 177.793
10040 6.65939e+06 -2.47667e+06 3.7825e+06 585996 0 -inf 177.843
10050 6.68163e+06 -2.45017e+06 3.7825e+06 585996 0 -inf 177.894
10060 6.7032e+06 -2.42345e+06 3.7825e+06 585996 0 -inf 177.944
10070 6.72412e+06 -2.3965e+06 3.7825e+06 585996 0 -inf 177.994
10080 6.74437e+06 -2.36934e+06 3.7825e+06 585996 0 -inf 178.044
10090 6.76394e+06 -2.34195e+06 3.7825e+06 585996 0 -inf 178.094
10100 6.78285e+06 -2.31434e+06 3.7825e+06 585996 0 -inf 178.145
10110 6.80109e+06 -2.28652e+06 3.7825e+06 585996 0 -inf 178.195
10120 6.81865e+06 -2.25849e+06 3.7825e+06 585996 0 -inf 178.244
10130 6.83554e+06 -2.23024e+06 3.7825e+06 585996 0 -inf 178.294
10140 6.85176e+06 -2.20178e+06 3.7825e+06 585996 0 -inf 178.344
10150 6.86729e+06 -2.17311e+06 3.7825e+06 585996 0 -inf 178.394
10160 6.88215e+06 -2.14424e+06 3.7825e+06 585996 0 -inf 178.443
10170 6.89632e+06 -2.11517e+06 3.7825e+06 585996 0 -inf 178.492
10180 6.90982e+06 -2.08589e+06 3.7825e+06 585996 0 -inf 178.541
10190 6.92263e+06 -2.05641e+06 3.7825e+06 585996 0 -inf 178.591
10200 6.93476e+06 -2.02674e+06 3.7825e+06 585996 0 -inf 178.639
10210 6.9462e+06 -1.99687e+06 3.7825e+06 585996 0 -inf 178.688
10220 6.95696e+06 -1.9668e+06 3.7825e+06 585996 0 -inf 178.737
10230 6.96703e+06 -1.93655e+06 3.7825e+06 585996 0 -inf 178.785
10240 6.97642e+06 -1.9061e+06 3.7825e+06 585996 0 -inf 178.833
10250 6.98511e+06 -1.87547e+06 3.7825e+06 585996 0 -inf 178.881
10260 6.99312e+06 -1.84466e+06 3.7825e+06 585996 0 -inf 245.701
10270 7.00044e+06 -1.81366e+06 3.7825e+06 585996 0 -inf 241.508
10280 7.00707e+06 -1.78248e+06 3.7825e+06 585996 0 -inf 239.112
10290 7.01301e+06 -1.75112e+06 3.7825e+06 585996 0 -inf 245.78
10300 7.01826e+06 -1.71959e+06 3.7825e+06 585996 0 -inf 239.367
10310 7.02282e+06 -1.68789e+06 3.7825e+06 585996 0 -inf 244.448
10320 7.02669e+06 -1.65601e+06 3.7825e+06 585996 0 -inf 246.711
10330 7.02987e+06 -1.62396e+06 3.7825e+06 585996 0 -inf 247.882
10340 7.03236e+06 -1.59175e+06 3.7825e+06 585996 0 -inf 242.863
10350 7.03416e+06 -1.55938e+06 3.7825e+06 585996 0 -inf 243.742
10360 7.03526e+06 -1.52684e+06 3.7825e+06 585996 0 -inf 245.43
10370 7.03568e+06 -1.49415e+06 3.7825e+06 585996 0 -inf 241.914
10380 7.03541e+06 -1.46129e+06 3.7825e+06 585996 0 -inf 244.804
10390 7.03444e+06 -1.42829e+06 3.7825e+06 585996 0 -inf 245.251
10400 7.03279e+06 -1.39513e+06 3.7825e+06 585996 0 -inf 247.303
10410 7.03044e+06 -1.36182e+06 3.7825e+06 585996 0 -inf 252.891
10420 7.02741e+06 -1.32837e+06 3.7825e+06 585996 0 -inf 252.519
10430 7.02369e+06 -1.29477e+06 3.7825e+06 585996 0 -inf 247.832
10440 7.01928e+06 -1.26103e+06 3.7825e+06 585996 0 -inf 244.826
10450 7.01419e+06 -1.22715e+06 3.7825e+06 585996 0 -inf 246.765
10460 7.00841e+06 -1.19313e+06 3.7825e+06 585996 0 -inf 241.421
10470 7.00194e+06 -1.15898e+06 3.7825e+06 585996 0 -inf 248.496
10480 6.99479e+06 -1.1247e+06 3.7825e+06 585996 0 -inf 245.639
10490 6.98695e+06 -1.09029e+06 3.7825e+06 585996 0 -inf 250.939
10500 6.97844e+06 -1.05575e+06 3.7825e+06 585996 0 -inf 246.504
10510 6.96924e+06 -1.02109e+06 3.7825e+06 585996 0 -inf 246.593
10520 6.95936e+06 -986311 3.7825e+06 585996 0 -inf 254.623
10530 6.9488e+06 -951411 3.7825e+06 585996 0 -inf 245.966
10540 6.93757e+06 -916395 3.7825e+06 585996 0 -inf 243.188
10550 6.92566e+06 -881267 3.7825e+06 585996 0 -inf 247.101
10560 6.91307e+06 -846029 3.7825e+06 585996 0 -inf 247.48
10570 6.89981e+06 -810682 3.7825e+06 585996 0 -inf 242.092
10580 6.88588e+06 -775231 3.7825e+06 585996 0 -inf 244.519
10590 6.87128e+06 -739678 3.7825e+06 585996 0 -inf 251.984
10600 6.85601e+06 -704026 3.7825e+06 585996 0 -inf 249.089
10610 6.84007e+06 -668277 3.7825e+06 585996 0 -inf 250.554
10620 6.82347e+06 -632435 3.7825e+06 585996 0 -inf 255.209
10630 6.80621e+06 -596501 3.7825e+06 585996 0 -inf 245.102
10640 6.78829e+06 -560479 3.7825e+06 585996 0 -inf 249.986
10650 6.7697e+06 -524372 3.7825e+06 585996 0 -inf 252.774
10660 6.75047e+06 -488182 3.7825e+06 585996 0 -inf 248.153
10670 6.73057e+06 -451913 3.7825e+06 585996 0 -inf 249.176
10680 6.71003e+06 -415567 3.7825e+06 585996 0 -inf 240.553
10690 6.68883e+06 -379147 3.7825e+06 585996 0 -inf 247.59
10700 6.66699e+06 -342655 3.7825e+06 585996 0 -inf 253.139
10710 6.6445e+06 -306096 3.7825e+06 585996 0 -inf 251.421
10720 6.62137e+06 -269471 3.7825e+06 585996 0 -inf 252.42
10730 6.5976e+06 -232784 3.7825e+06 585996 0 -inf 249.37
10740 6.57319e+06 -196037 3.7825e+06 585996 0 -inf 246.401
10750 6.54814e+06 -159234 3.7825e+06 585996 0 -inf 256.96
10760 6.52247e+06 -122377 3.7825e+06 585996 0 -inf 242.686
10770 6.49616e+06 -85469.1 3.7825e+06 585996 0 -inf 246.814
10780 6.46923e+06 -48513.6 3.7825e+06 585996 0 -inf 244.813
10790 6.44168e+06 -11513.3 3.7825e+06 585996 0 -inf 249.212
10800 6.4135e+06 25528.9 3.7825e+06 585996 0 -inf 252.955
10810 6.38471e+06 62609.9 3.7825e+06 585996 0 -inf 255.214
10820 6.35531e+06 99726.8 3.7825e+06 585996 0 -inf 253.21
10830 6.32529e+06 136877 3.7825e+06 585996 0 -inf 247.404
10840 6.29466e+06 174056 3.7825e+06 585996 0 -inf 249.191
10850 6.26343e+06 211263 3.7825e+06 585996 0 -inf 249.592
10860 6.2316e+06 248493 3.7825e+06 585996 0 -inf 241.188
10870 6.19917e+06 285745 3.7825e+06 585996 0 -inf 247.536
10880 6.16615e+06 323014 3.7825e+06 585996 0 -inf 250.086
10890 6.13253e+06 360298 3.7825e+06 585996 0 -inf 253.745
10900 6.09833e+06 397593 3.7825e+06 585996 0 -inf 247.883
10910 6.06355e+06 434898 3.7825e+06 585996 0 -inf 248.547
10920 6.02818e+06 472208 3.7825e+06 585996 0 -inf 248.411
10930 5.99224e+06 509520 3.7825e+06 585996 0 -inf 250.223
10940 5.95572e+06 546832 3.7825e+06 585996 0 -inf 254.418
10950 5.91864e+06 584141 3.7825e+06 585996 0 -inf 250.96
10960 5.88099e+06 621443 3.7825e+06 585996 0 -inf 245.756
10970 5.84279e+06 658735 3.7825e+06 585996 0 -inf 246.018
10980 5.80402e+06 696015 3.7825e+06 585996 0 -inf 253.521
10990 5.7647e+06 733279 3.7825e+06 585996 0 -inf 250.437
11000 5.72484e+06 770523 3.7825e+06 585996 0 -inf 248.01
11010 5.68443e+06 807746 3.7825e+06 585996 0 -inf 255.212
11020 5.64348e+06 844944 3.7825e+06 585996 0 -inf 253.042
11030 5.60199e+06 882113 3.7825e+06 585996 0 -inf 251.798
11040 5.55997e+06 919251 3.7825e+06 585996 0 -inf 250.134
11050 5.51743e+06 956355 3.7825e+06 585996 0 -inf 247.416
11060 5.47436e+06 993421 3.7825e+06 585996 0 -inf 250.28
11070 5.43077e+06 1.03045e+06 3.7825e+06 585996 0 -inf 252.376
11080 5.38667e+06 1.06743e+06 3.7825e+06 585996 0 -inf 259.554
11090 5.34206e+06 1.10436e+06 3.7825e+06 585996 0 -inf 243.646
11100 5.29695e+06 1.14125e+06 3.7825e+06 585996 0 -inf 254.919
11110 5.25134e+06 1.17808e+06 3.7825e+06 585996 0 -inf 251.559
11120 5.20523e+06 1.21485e+06 3.7825e+06 585996 0 -inf 247.177
11130 5.15863e+06 1.25157e+06 3.7825e+06 585996 0 -inf 246.261
11140 5.11155e+06 1.28822e+06 3.7825e+06 585996 0 -inf 253.123
11150 5.06398e+06 1.32481e+06 3.7825e+06 585996 0 -inf 259.761
11160 5.01594e+06 1.36133e+06 3.7825e+06 585996 0 -inf 254.677
11170 4.96743e+06 1.39778e+06 3.7825e+06 585996 0 -inf 250.877
11180 4.91845e+06 1.43415e+06 3.7825e+06 585996 0 -inf 250.009
11190 4.86902e+06 1.47045e+06 3.7825e+06 585996 0 -inf 252.012
11200 4.81912e+06 1.50666e+06 3.7825e+06 585996 0 -inf 249.496
11210 4.76878e+06 1.54279e+06 3.7825e+06 585996 0 -inf 246.966
11220 4.71799e+06 1.57883e+06 3.7825e+06 585996 0 -inf 253.071
11230 4.66676e+06 1.61478e+06 3.7825e+06 585996 0 -inf 250.001
11240 4.61509e+06 1.65064e+06 3.7825e+06 585996 0 -inf 249.486
11250 4.563e+06 1.6864e+06 3.7825e+06 585996 0 -inf 245.002
11260 4.51048e+06 1.72206e+06 3.7825e+06 585996 0 -inf 245.139
11270 4.45754e+06 1.75762e+06 3.7825e+06 585996 0 -inf 249.577
11280 4.40419e+06 1.79307e+06 3.7825e+06 585996 0 -inf 250.619
11290 4.35043e+06 1.82841e+06 3.7825e+06 585996 0 -inf 255.435
11300 4.29627e+06 1.86364e+06 3.7825e+06 585996 0 -inf 263.692
11310 4.24171e+06 1.89876e+06 3.7825e+06 585996 0 -inf 257.849
11320 4.18675e+06 1.93376e+06 3.7825e+06 585996 0 -inf 254.093
11330 4.13142e+06 1.96863e+06 3.7825e+06 585996 0 -inf 247.399
11340 4.0757e+06 2.00338e+06 3.7825e+06 585996 0 -inf 251.203
11350 4.0196e+06 2.03801e+06 3.7825e+06 585996 0 -inf 248.387
11360 3.96314e+06 2.0725e+06 3.7825e+06 585996 0 -inf 250.839
11370 3.90632e+06 2.10686e+06 3.7825e+06 585996 0 -inf 248.201
11380 3.84913e+06 2.14108e+06 3.7825e+06 585996 0 -inf 247.686
11390 3.7916e+06 2.17517e+06 3.7825e+06 585996 0 -inf 251.194
11400 3.73372e+06 2.20911e+06 3.7825e+06 585996 0 -inf 257.306
11410 3.67549e+06 2.2429e+06 3.7825e+06 585996 0 -inf 252.235
11420 3.61694e+06 2.27654e+06 3.7825e+06 585996 0 -inf 258.031
11430 3.55805e+06 2.31004e+06 3.7825e+06 585996 0 -inf 245.192
11440 3.49885e+06 2.34338e+06 3.7825e+06 585996 0 -inf 245.906
11450 3.43932e+06 2.37656e+06 3.7825e+06 585996 0 -inf 256.602
11460 3.37949e+06 2.40958e+06 3.7825e+06 585996 0 -inf 248.495
11470 3.31935e+06 2.44243e+06 3.7825e+06 585996 0 -inf 251.678
11480 3.25891e+06 2.47512e+06 3.7825e+06 585996 0 -inf 250.643
11490 3.19818e+06 2.50764e+06 3.7825e+06 585996 0 -inf 252.583
11500 3.13717e+06 2.53998e+06 3.7825e+06 585996 0 -inf 263.133
11510 3.07587e+06 2.57215e+06 3.7825e+06 585996 0 -inf 243.972
11520 3.0143e+06 2.60415e+06 3.7825e+06 585996 0 -inf 252.852
11530 2.95246e+06 2.63596e+06 3.7825e+06 585996 0 -inf 245.931
11540 2.89036e+06 2.66758e+06 3.7825e+06 585996 0 -inf 250.687
11550 2.82801e+06 2.69902e+06 3.7825e+06 585996 0 -inf 255.55
11560 2.7654e+06 2.73027e+06 3.7825e+06 585996 0 -inf 251.833
11570 2.70255e+06 2.76132e+06 3.7825e+06 585996 0 -inf 257.281
11580 2.63947e+06 2.79218e+06 3.7825e+06 585996 0 -inf 250.392
11590 2.57615e+06 2.82284e+06 3.7825e+06 585996 0 -inf 254.707
11600 2.51262e+06 2.85329e+06 3.7825e+06 585996 0 -inf 250.373
11610 2.44886e+06 2.88355e+06 3.7825e+06 585996 0 -inf 255.167
11620 2.38489e+06 2.91359e+06 3.7825e+06 585996 0 -inf 258.442
11630 2.32072e+06 2.94342e+06 3.7825e+06 585996 0 -inf 261.071
11640 2.25634e+06 2.97304e+06 3.7825e+06 585996 0 -inf 253.767
11650 2.19178e+06 3.00245e+06 3.7825e+06 585996 0 -inf 251.004
11660 2.12703e+06 3.03164e+06 3.7825e+06 585996 0 -inf 249.248
11670 2.0621e+06 3.0606e+06 3.7825e+06 585996 0 -inf 252.885
11680 1.997e+06 3.08934e+06 3.7825e+06 585996 0 -inf 258.091
11690 1.93173e+06 3.11785e+06 3.7825e+06 585996 0 -inf 255.375
11700 1.8663e+06 3.14614e+06 3.7825e+06 585996 0 -inf 254.264
11710 1.80072e+06 3.17419e+06 3.7825e+06 585996 0 -inf 251.37
11720 1.73499e+06 3.202e+06 3.7825e+06 585996 0 -inf 250.544
11730 1.66912e+06 3.22958e+06 3.7825e+06 585996 0 -inf 249.75
11740 1.60311e+06 3.25692e+06 3.7825e+06 585996 0 -inf 246.604
11750 1.53698e+06 3.28401e+06 3.7825e+06 585996 0 -inf 255.646
11760 1.47073e+06 3.31086e+06 3.7825e+06 585996 0 -inf 258.443
11770 1.40436e+06 3.33746e+06 3.7825e+06 585996 0 -inf 254.29
11780 1.33789e+06 3.3638e+06 3.7825e+06 585996 0 -inf 258.79
11790 1.27131e+06 3.3899e+06 3.7825e+06 585996 0 -inf 249.729
11800 1.20464e+06 3.41574e+06 3.7825e+06 585996 0 -inf 256.007
11810 1.13788e+06 3.44131e+06 3.7825e+06 585996 0 -inf 251.13
11820 1.07104e+06 3.46663e+06 3.7825e+06 585996 0 -inf 254.228
11830 1.00413e+06 3.49169e+06 3.7825e+06 585996 0 -inf 250.902
11840 937141 3.51647e+06 3.7825e+06 585996 0 -inf 257.279
11850 870096 3.54099e+06 3.7825e+06 585996 0 -inf 254.073
11860 802995 3.56524e+06 3.7825e+06 585996 0 -inf 260.553
11870 735846 3.58921e+06 3.7825e+06 585996 0 -inf 252.896
11880 668654 3.61291e+06 3.7825e+06 585996 0 -inf 247.832
11890 601428 3.63632e+06 3.7825e+06 585996 0 -inf 254.428
11900 534172 3.65946e+06 3.7825e+06 585996 0 -inf 249.402
11910 466895 3.68231e+06 3.7825e+06 585996 0 -inf 252.241
11920 399601 3.70488e+06 3.7825e+06 585996 0 -inf 258.834
11930 332299 3.72716e+06 3.7825e+06 585996 0 -inf 253.395
11940 264995 3.74915e+06 3.7825e+06 585996 0 -inf 251.643
11950 197694 3.77084e+06 3.7825e+06 585996 0 -inf 254.471
11960 130405 3.79224e+06 3.7825e+06 585996 0 -inf 261.426
11970 63132.8 3.81335e+06 3.7825e+06 585996 0 -inf 258.192
11980 -4115.3 3.83415e+06 3.7825e+06 585996 0 -inf 250.095
11990 -71332.9 3.85465e+06 3.7825e+06 585996 0 -inf 249.013
12000 -138513 3.87485e+06 3.7825e+06 585996 0 -inf 245.411
12010 -205650 3.89474e+06 3.7825e+06 585996 0 -inf 248.607
12020 -272737 3.91432e+06 3.7825e+06 585996 0 -inf 255.082
12030 -339766 3.9336e+06 3.7825e+06 585996 0 -inf 255.003
12040 -406733 3.95256e+06 3.7825e+06 585996 0 -inf 247.906
12050 -473629 3.9712e+06 3.7825e+06 585996 0 -inf 250.567
12060 -540450 3.98953e+06 3.7825e+06 585996 0 -inf 255.234
12070 -607187 4.00754e+06 3.7825e+06 585996 0 -inf 251.66
12080 -673835 4.02523e+06 3.7825e+06 585996 0 -inf 249.001
12090 -740387 4.04259e+06 3.7825e+06 585996 0 -inf 255.078
12100 -806837 4.05963e+06 3.7825e+06 585996 0 -inf 255.689
12110 -873178 4.07635e+06 3.7825e+06 585996 0 -inf 253.88
12120 -939404 4.09274e+06 3.7825e+06 585996 0 -inf 249.593
12130 -1.00551e+06 4.10879e+06 3.7825e+06 585996 0 -inf 249.13
12140 -1.07148e+06 4.12451e+06 3.7825e+06 585996 0 -inf 245.965
12150 -1.13733e+06 4.1399e+06 3.7825e+06 585996 0 -inf 247.882
12160 -1.20303e+06 4.15495e+06 3.7825e+06 585996 0 -inf 248.221
12170 -1.26858e+06 4.16967e+06 3.7825e+06 585996 0 -inf 252.054
12180 -1.33398e+06 4.18404e+06 3.7825e+06 585996 0 -inf 262.291
12190 -1.39922e+06 4.19808e+06 3.7825e+06 585996 0 -inf 253.382
12200 -1.46429e+06 4.21177e+06 3.7825e+06 585996 0 -inf 249.996
12210 -1.52919e+06 4.22511e+06 3.7825e+06 585996 0 -inf 254.401
12220 -1.59392e+06 4.23811e+06 3.7825e+06 585996 0 -inf 253.016
12230 -1.65845e+06 4.25076e+06 3.7825e+06 585996 0 -inf 255.767
12240 -1.7228e+06 4.26307e+06 3.7825e+06 585996 0 -inf 260.064
12250 -1.78695e+06 4.27502e+06 3.7825e+06 585996 0 -inf 255.534
12260 -1.85089e+06 4.28661e+06 3.7825e+06 585996 0 -inf 252.913
12270 -1.91463e+06 4.29786e+06 3.7825e+06 585996 0 -inf 252.682
12280 -1.97814e+06 4.30874e+06 3.7825e+06 585996 0 -inf 251.931
12290 -2.04144e+06 4.31927e+06 3.7825e+06 585996 0 -inf 248.763
12300 -2.10451e+06 4.32944e+06 3.7825e+06 585996 0 -inf 257.515
12310 -2.16734e+06 4.33925e+06 3.7825e+06 585996 0 -inf 256.494
12320 -2.22994e+06 4.3487e+06 3.7825e+06 585996 0 -inf 254.903
12330 -2.29228e+06 4.35779e+06 3.7825e+06 585996 0 -inf 248.999
12340 -2.35438e+06 4.36651e+06 3.7825e+06 585996 0 -inf 252.221
12350 -2.41622e+06 4.37486e+06 3.7825e+06 585996 0 -inf 261.399
12360 -2.47779e+06 4.38285e+06 3.7825e+06 585996 0 -inf 251.565
12370 -2.53909e+06 4.39047e+06 3.7825e+06 585996 0 -inf 258.241
12380 -2.60012e+06 4.39772e+06 3.7825e+06 585996 0 -inf 250.017
12390 -2.66086e+06 4.40461e+06 3.7825e+06 585996 0 -inf 260.152
12400 -2.72132e+06 4.41111e+06 3.7825e+06 585996 0 -inf 253.662
12410 -2.78148e+06 4.41725e+06 3.7825e+06 585996 0 -inf 253.856
12420 -2.84134e+06 4.42301e+06 3.7825e+06 585996 0 -inf 250.135
12430 -2.9009e+06 4.4284e+06 3.7825e+06 585996 0 -inf 258.753
12440 -2.96015e+06 4.43341e+06 3.7825e+06 585996 0 -inf 259.72
12450 -3.01908e+06 4.43804e+06 3.7825e+06 585996 0 -inf 255.124
12460 -3.07769e+06 4.4423e+06 3.7825e+06 585996 0 -inf 256.282
12470 -3.13597e+06 4.44618e+06 3.7825e+06 585996 0 -inf 258.334
12480 -3.19392e+06 4.44967e+06 3.7825e+06 585996 0 -inf 253.364
12490 -3.25153e+06 4.45279e+06 3.7825e+06 585996 0 -inf 253.057
12500 -3.3088e+06 4.45552e+06 3.7825e+06 585996 0 -inf 258.627
12510 -3.36571e+06 4.45787e+06 3.7825e+06 585996 0 -inf 257.179
12520 -3.42227e+06 4.45984e+06 3.7825e+06 585996 0 -inf 255.203
12530 -3.47848e+06 4.46143e+06 3.7825e+06 585996 0 -inf 252.109
12540 -3.53431e+06 4.46263e+06 3.7825e+06 585996 0 -inf 247.265
12550 -3.58978e+06 4.46344e+06 3.7825e+06 585996 0 -inf 252.738
12560 -3.64486e+06 4.46387e+06 3.7825e+06 585996 0 -inf 248.514
12570 -3.69957e+06 4.46391e+06 3.7825e+06 585996 0 -inf 256.736
12580 -3.75389e+06 4.46357e+06 3.7825e+06 585996 0 -inf 250.038
12590 -3.80782e+06 4.46283e+06 3.7825e+06 585996 0 -inf 257.338
12600 -3.86135e+06 4.46171e+06 3.7825e+06 585996 0 -inf 252.882
12610 -3.91448e+06 4.4602e+06 3.7825e+06 585996 0 -inf 258.854
12620 -3.9672e+06 4.4583e+06 3.7825e+06 585996 0 -inf 251.704
12630 -4.01951e+06 4.45601e+06 3.7825e+06 585996 0 -inf 251.545
12640 -4.07141e+06 4.45333e+06 3.7825e+06 585996 0 -inf 248.082
12650 -4.12288e+06 4.45026e+06 3.7825e+06 585996 0 -inf 254.234
12660 -4.17392e+06 4.4468e+06 3.7825e+06 585996 0 -inf 253.562
12670 -4.22454e+06 4.44295e+06 3.7825e+06 585996 0 -inf 264.16
12680 -4.27471e+06 4.4387e+06 3.7825e+06 585996 0 -inf 267.093
12690 -4.32445e+06 4.43407e+06 3.7825e+06 585996 0 -inf 254.534
12700 -4.37374e+06 4.42904e+06 3.7825e+06 585996 0 -inf 246.598
12710 -4.42258e+06 4.42362e+06 3.7825e+06 585996 0 -inf 254.665
12720 -4.47097e+06 4.41781e+06 3.7825e+06 585996 0 -inf 257.266
12730 -4.5189e+06 4.4116e+06 3.7825e+06 585996 0 -inf 256.171
12740 -4.56636e+06 4.40501e+06 3.7825e+06 585996 0 -inf 249.686
12750 -4.61336e+06 4.39802e+06 3.7825e+06 585996 0 -inf 256.354
12760 -4.65988e+06 4.39064e+06 3.7825e+06 585996 0 -inf 248.53
12770 -4.70593e+06 4.38287e+06 3.7825e+06 585996 0 -inf 254.876
12780 -4.75149e+06 4.3747e+06 3.7825e+06 585996 0 -inf 252.804
12790 -4.79657e+06 4.36615e+06 3.7825e+06 585996 0 -inf 261.92
12800 -4.84116e+06 4.3572e+06 3.7825e+06 585996 0 -inf 264.171
12810 -4.88526e+06 4.34786e+06 3.7825e+06 585996 0 -inf 251.9
12820 -4.92886e+06 4.33813e+06 3.7825e+06 585996 0 -inf 256.857
12830 -4.97196e+06 4.32801e+06 3.7825e+06 585996 0 -inf 255.244
12840 -5.01455e+06 4.31749e+06 3.7825e+06 585996 0 -inf 254.296
12850 -5.05663e+06 4.30659e+06 3.7825e+06 585996 0 -inf 252.359
12860 -5.0982e+06 4.2953e+06 3.7825e+06 585996 0 -inf 255.017
12870 -5.13925e+06 4.28361e+06 3.7825e+06 585996 0 -inf 251.857
12880 -5.17978e+06 4.27154e+06 3.7825e+06 585996 0 -inf 253.3
12890 -5.21979e+06 4.25908e+06 3.7825e+06 585996 0 -inf 250.483
12900 -5.25927e+06 4.24623e+06 3.7825e+06 585996 0 -inf 249.159
12910 -5.29821e+06 4.23299e+06 3.7825e+06 585996 0 -inf 256.737
12920 -5.33662e+06 4.21937e+06 3.7825e+06 585996 0 -inf 255.169
12930 -5.37449e+06 4.20536e+06 3.7825e+06 585996 0 -inf 258.39
12940 -5.41182e+06 4.19096e+06 3.7825e+06 585996 0 -inf 257.235
12950 -5.4486e+06 4.17618e+06 3.7825e+06 585996 0 -inf 250.507
12960 -5.48484e+06 4.16101e+06 3.7825e+06 585996 0 -inf 261.752
12970 -5.52052e+06 4.14546e+06 3.7825e+06 585996 0 -inf 252.492
12980 -5.55564e+06 4.12953e+06 3.7825e+06 585996 0 -inf 254.911
12990 -5.59021e+06 4.11322e+06 3.7825e+06 585996 0 -inf 246.863
13000 -5.62421e+06 4.09652e+06 3.7825e+06 585996 0 -inf 256.111
13010 -5.65765e+06 4.07944e+06 3.7825e+06 585996 0 -inf 253.729
13020 -5.69053e+06 4.06199e+06 3.7825e+06 585996 0 -inf 255.006
13030 -5.72283e+06 4.04415e+06 3.7825e+06 585996 0 -inf 249.98
13040 -5.75455e+06 4.02594e+06 3.7825e+06 585996 0 -inf 251.55
13050 -5.7857e+06 4.00736e+06 3.7825e+06 585996 0 -inf 257.146
13060 -5.81627e+06 3.98839e+06 3.7825e+06 585996 0 -inf 254.777
13070 -5.84626e+06 3.96906e+06 3.7825e+06 585996 0 -inf 249.818
13080 -5.87567e+06 3.94935e+06 3.7825e+06 585996 0 -inf 254.939
13090 -5.90449e+06 3.92927e+06 3.7825e+06 585996 0 -inf 256.869
13100 -5.93271e+06 3.90881e+06 3.7825e+06 585996 0 -inf 250.812
13110 -5.96035e+06 3.88799e+06 3.7825e+06 585996 0 -inf 249.815
13120 -5.98739e+06 3.8668e+06 3.7825e+06 585996 0 -inf 254.912
13130 -6.01384e+06 3.84525e+06 3.7825e+06 585996 0 -inf 251.137
13140 -6.03968e+06 3.82333e+06 3.7825e+06 585996 0 -inf 254.858
13150 -6.06492e+06 3.80104e+06 3.7825e+06 585996 0 -inf 255.309
13160 -6.08956e+06 3.7784e+06 3.7825e+06 585996 0 -inf 255.032
13170 -6.1136e+06 3.75539e+06 3.7825e+06 585996 0 -inf 253.714
13180 -6.13703e+06 3.73202e+06 3.7825e+06 585996 0 -inf 251.837
13190 -6.15985e+06 3.7083e+06 3.7825e+06 585996 0 -inf 260.442
13200 -6.18205e+06 3.68422e+06 3.7825e+06 585996 0 -inf 245.116
13210 -6.20365e+06 3.65978e+06 3.7825e+06 585996 0 -inf 248.291
13220 -6.22462e+06 3.63499e+06 3.7825e+06 585996 0 -inf 253.031
13230 -6.24498e+06 3.60985e+06 3.7825e+06 585996 0 -inf 253.424
13240 -6.26473e+06 3.58436e+06 3.7825e+06 585996 0 -inf 255.944
13250 -6.28385e+06 3.55852e+06 3.7825e+06 585996 0 -inf 257.479
13260 -6.30235e+06 3.53234e+06 3.7825e+06 585996 0 -inf 253.556
13270 -6.32023e+06 3.50581e+06 3.7825e+06 585996 0 -inf 252.725
13280 -6.33749e+06 3.47894e+06 3.7825e+06 585996 0 -inf 259.101
13290 -6.35411e+06 3.45173e+06 3.7825e+06 585996 0 -inf 250.166
13300 -6.37012e+06 3.42419e+06 3.7825e+06 585996 0 -inf 257.143
13310 -6.38549e+06 3.3963e+06 3.7825e+06 585996 0 -inf 255.643
13320 -6.40023e+06 3.36808e+06 3.7825e+06 585996 0 -inf 183.148
13330 -6.41435e+06 3.33953e+06 3.7825e+06 585996 0 -inf 183.134
13340 -6.42783e+06 3.31065e+06 3.7825e+06 585996 0 -inf 183.12
13350 -6.44068e+06 3.28144e+06 3.7825e+06 585996 0 -inf 183.106
13360 -6.4529e+06 3.2519e+06 3.7825e+06 585996 0 -inf 183.092
13370 -6.46448e+06 3.22204e+06 3.7825e+06 585996 0 -inf 183.078
13380 -6.47543e+06 3.19185e+06 3.7825e+06 585996 0 -inf 183.063
13390 -6.48574e+06 3.16135e+06 3.7825e+06 585996 0 -inf 183.049
13400 -6.49542e+06 3.13053e+06 3.7825e+06 585996 0 -inf 183.034
13410 -6.50446e+06 3.0994e+06 3.7825e+06 585996 0 -inf 183.019
13420 -6.51286e+06 3.06795e+06 3.7825e+06 585996 0 -inf 183.004
13430 -6.52063e+06 3.03619e+06 3.7825e+06 585996 0 -inf 182.988
13440 -6.52775e+06 3.00413e+06 3.7825e+06 585996 0 -inf 182.973
13450 -6.53424e+06 2.97176e+06 3.7825e+06 585996 0 -inf 182.957
13460 -6.54009e+06 2.93908e+06 3.7825e+06 585996 0 -inf 182.941
13470 -6.5453e+06 2.90611e+06 3.7825e+06 585996 0 -inf 182.925
13480 -6.54988e+06 2.87284e+06 3.7825e+06 585996 0 -inf 182.909
13490 -6.55381e+06 2.83927e+06 3.7825e+06 585996 0 -inf 182.893
13500 -6.5571e+06 2.80541e+06 3.7825e+06 585996 0 -inf 182.876
13510 -6.55976e+06 2.77126e+06 3.7825e+06 585996 0 -inf 182.859
13520 -6.56178e+06 2.73682e+06 3.7825e+06 585996 0 -inf 182.843
13530 -6.56315e+06 2.70209e+06 3.7825e+06 585996 0 -inf 182.826
13540 -6.56389e+06 2.66709e+06 3.7825e+06 585996 0 -inf 182.808
13550 -6.564e+06 2.6318e+06 3.7825e+06 585996 0 -inf 182.791
13560 -6.56346e+06 2.59624e+06 3.7825e+06 585996 0 -inf 182.773
13570 -6.56229e+06 2.56041e+06 3.7825e+06 585996 0 -inf 182.756
13580 -6.56048e+06 2.5243e+06 3.7825e+06 585996 0 -inf 182.738
13590 -6.55803e+06 2.48793e+06 3.7825e+06 585996 0 -inf 182.72
13600 -6.55495e+06 2.45129e+06 3.7825e+06 585996 0 -inf 182.702
13610 -6.55124e+06 2.41438e+06 3.7825e+06 585996 0 -inf 182.683
13620 -6.54689e+06 2.37722e+06 3.7825e+06 585996 0 -inf 182.665
13630 -6.5419e+06 2.3398e+06 3.7825e+06 585996 0 -inf 182.646
13640 -6.53629e+06 2.30213e+06 3.7825e+06 585996 0 -inf 182.627
13650 -6.53004e+06 2.26421e+06 3.7825e+06 585996 0 -inf 182.608
13660 -6.52317e+06 2.22604e+06 3.7825e+06 585996 0 -inf 182.589
13670 -6.51566e+06 2.18763e+06 3.7825e+06 585996 0 -inf 182.57
13680 -6.50753e+06 2.14897e+06 3.7825e+06 585996 0 -inf 182.55
13690 -6.49877e+06 2.11008e+06 3.7825e+06 585996 0 -inf 182.53
13700 -6.48938e+06 2.07095e+06 3.7825e+06 585996 0 -inf 182.51
13710 -6.47937e+06 2.03159e+06 3.7825e+06 585996 0 -inf 182.49
13720 -6.46874e+06 1.992e+06 3.7825e+06 585996 0 -inf 182.47
13730 -6.45749e+06 1.95219e+06 3.7825e+06 585996 0 -inf 182.45
13740 -6.44561e+06 1.91216e+06 3.7825e+06 585996 0 -inf 182.429
13750 -6.43312e+06 1.8719e+06 3.7825e+06 585996 0 -inf 182.408
13760 -6.42001e+06 1.83144e+06 3.7825e+06 585996 0 -inf 182.387
13770 -6.40629e+06 1.79076e+06 3.7825e+06 585996 0 -inf 182.366
13780 -6.39195e+06 1.74987e+06 3.7825e+06 585996 0 -inf 182.345
13790 -6.377e+06 1.70877e+06 3.7825e+06 585996 0 -inf 182.324
13800 -6.36144e+06 1.66748e+06 3.7825e+06 585996 0 -inf 182.302
13810 -6.34528e+06 1.62598e+06 3.7825e+06 585996 0 -inf 182.281
13820 -6.32851e+06 1.5843e+06 3.7825e+06 585996 0 -inf 182.259
13830 -6.31113e+06 1.54242e+06 3.7825e+06 585996 0 -inf 182.237
13840 -6.29315e+06 1.50035e+06 3.7825e+06 585996 0 -inf 182.214
13850 -6.27458e+06 1.4581e+06 3.7825e+06 585996 0 -inf 182.192
13860 -6.25541e+06 1.41566e+06 3.7825e+06 585996 0 -inf 182.169
13870 -6.23564e+06 1.37306e+06 3.7825e+06 585996 0 -inf 182.147
13880 -6.21528e+06 1.33027e+06 3.7825e+06 585996 0 -inf 182.124
13890 -6.19433e+06 1.28732e+06 3.7825e+06 585996 0 -inf 182.101
13900 -6.17279e+06 1.2442e+06 3.7825e+06 585996 0 -inf 182.077
13910 -6.15067e+06 1.20092e+06 3.7825e+06 585996 0 -inf 182.054
13920 -6.12797e+06 1.15748e+06 3.7825e+06 585996 0 -inf 182.03
13930 -6.10468e+06 1.11389e+06 3.7825e+06 585996 0 -inf 182.007
13940 -6.08082e+06 1.07014e+06 3.7825e+06 585996 0 -inf 181.983
13950 -6.05638e+06 1.02625e+06 3.7825e+06 585996 0 -inf 181.959
13960 -6.03137e+06 982208 3.7825e+06 585996 0 -inf 181.935
13970 -6.0058e+06 938030 3.7825e+06 585996 0 -inf 181.91
13980 -5.97965e+06 893716 3.7825e+06 585996 0 -inf 181.886
13990 -5.95295e+06 849270 3.7825e+06 585996 0 -inf 181.861
14000 -5.92568e+06 804695 3.7825e+06 585996 0 -inf 181.836
14010 -5.89786e+06 759996 3.7825e+06 585996 0 -inf 181.811
14020 -5.86948e+06 715176 3.7825e+06 585996 0 -inf 181.786
14030 -5.84055e+06 670239 3.7825e+06 585996 0 -inf 181.761
14040 -5.81108e+06 625189 3.7825e+06 585996 0 -inf 181.735
14050 -5.78106e+06 580030 3.7825e+06 585996 0 -inf 181.71
14060 -5.7505e+06 534766 3.7825e+06 585996 0 -inf 181.684
14070 -5.7194e+06 489401 3.7825e+06 585996 0 -inf 181.658
14080 -5.68777e+06 443939 3.7825e+06 585996 0 -inf 181.632
14090 -5.65561e+06 398384 3.7825e+06 585996 0 -inf 181.605
14100 -5.62292e+06 352740 3.7825e+06 585996 0 -inf 181.579
14110 -5.58971e+06 307010 3.7825e+06 585996 0 -inf 181.553
14120 -5.55597e+06 261200 3.7825e+06 585996 0 -inf 181.526
14130 -5.52172e+06 215312 3.7825e+06 585996 0 -inf 181.499
14140 -5.48696e+06 169352 3.7825e+06 585996 0 -inf 181.472
14150 -5.45169e+06 123323 3.7825e+06 585996 0 -inf 181.445
14160 -5.41592e+06 77228.6 3.7825e+06 585996 0 -inf 181.417
14170 -5.37964e+06 31074 3.7825e+06 585996 0 -inf 181.39
14180 -5.34287e+06 -15137.1 3.7825e+06 585996 0 -inf 181.362
14190 -5.3056e+06 -61400.7 3.7825e+06 585996 0 -inf 181.335
14200 -5.26784e+06 -107712 3.7825e+06 585996 0 -inf 181.307
14210 -5.2296e+06 -154068 3.7825e+06 585996 0 -inf 181.279
14220 -5.19088e+06 -200464 3.7825e+06 585996 0 -inf 181.251
14230 -5.15168e+06 -246896 3.7825e+06 585996 0 -inf 181.222
14240 -5.11201e+06 -293359 3.7825e+06 585996 0 -inf 181.194
14250 -5.07187e+06 -339850 3.7825e+06 585996 0 -inf 181.165
14260 -5.03126e+06 -386364 3.7825e+06 585996 0 -inf 181.137
14270 -4.9902e+06 -432897 3.7825e+06 585996 0 -inf 181.108
14280 -4.94868e+06 -479444 3.7825e+06 585996 0 -inf 181.079
14290 -4.90671e+06 -526003 3.7825e+06 585996 0 -inf 181.05
14300 -4.86429e+06 -572567 3.7825e+06 585996 0 -inf 181.021
14310 -4.82143e+06 -619134 3.7825e+06 585996 0 -inf 180.991
14320 -4.77813e+06 -665699 3.7825e+06 585996 0 -inf 180.962
14330 -4.7344e+06 -712257 3.7825e+06 585996 0 -inf 180.932
14340 -4.69023e+06 -758805 3.7825e+06 585996 0 -inf 180.903
14350 -4.64565e+06 -805338 3.7825e+06 585996 0 -inf 180.873
14360 -4.60064e+06 -851851 3.7825e+06 585996 0 -inf 180.843
14370 -4.55522e+06 -898341 3.7825e+06 585996 0 -inf 180.813
14380 -4.50939e+06 -944804 3.7825e+06 585996 0 -inf 180.783
14390 -4.46316e+06 -991234 3.7825e+06 585996 0 -inf 180.752
